  0.0000    2    0.900   1.0000         dur_1
  0.9000    0    3.600   1.0000          NULL 
  4.5000    9    0.900   1.0000         dur_8
  5.4000    0    3.600   1.0000          NULL 
  9.0000    1    0.900   1.0000         dur_0
  9.9000    0    3.600   1.0000          NULL 
 13.5000    8    0.900   1.0000         dur_7
 14.4000    0    3.600   1.0000          NULL 
 18.0000    9    0.900   1.0000         dur_8
 18.9000    0    3.600   1.0000          NULL 
 22.5000    6    0.900   1.0000         dur_5
 23.4000    0    3.600   1.0000          NULL 
 27.0000    1    0.900   1.0000         dur_0
 27.9000    0    4.500   1.0000          NULL 
 32.4000    3    0.900   1.0000         dur_2
 33.3000    0    4.500   1.0000          NULL 
 37.8000    6    0.900   1.0000         dur_5
 38.7000    0    3.600   1.0000          NULL 
 42.3000    2    0.900   1.0000         dur_1
 43.2000    0    3.600   1.0000          NULL 
 46.8000   11    0.900   1.0000        dur_10
 47.7000    0    5.400   1.0000          NULL 
 53.1000   10    0.900   1.0000         dur_9
 54.0000    0    5.400   1.0000          NULL 
 59.4000    5    0.900   1.0000         dur_4
 60.3000    0   10.800   1.0000          NULL 
 71.1000   10    0.900   1.0000         dur_9
 72.0000    0    3.600   1.0000          NULL 
 75.6000    1    0.900   1.0000         dur_0
 76.5000    0    5.400   1.0000          NULL 
 81.9000    1    0.900   1.0000         dur_0
 82.8000    0    4.500   1.0000          NULL 
 87.3000    2    0.900   1.0000         dur_1
 88.2000    0    3.600   1.0000          NULL 
 91.8000    3    0.900   1.0000         dur_2
 92.7000    0    7.200   1.0000          NULL 
 99.9000    5    0.900   1.0000         dur_4
100.8000    0    7.200   1.0000          NULL 
108.0000    1    0.900   1.0000         dur_0
108.9000    0    3.600   1.0000          NULL 
112.5000    5    0.900   1.0000         dur_4
113.4000    0    6.300   1.0000          NULL 
119.7000    7    0.900   1.0000         dur_6
120.6000    0    3.600   1.0000          NULL 
124.2000    5    0.900   1.0000         dur_4
125.1000    0    5.400   1.0000          NULL 
130.5000    8    0.900   1.0000         dur_7
131.4000    0    3.600   1.0000          NULL 
135.0000    4    0.900   1.0000         dur_3
135.9000    0    3.600   1.0000          NULL 
139.5000   10    0.900   1.0000         dur_9
140.4000    0    9.000   1.0000          NULL 
149.4000    3    0.900   1.0000         dur_2
150.3000    0    3.600   1.0000          NULL 
153.9000    8    0.900   1.0000         dur_7
154.8000    0    3.600   1.0000          NULL 
158.4000    8    0.900   1.0000         dur_7
159.3000    0    4.500   1.0000          NULL 
163.8000    1    0.900   1.0000         dur_0
164.7000    0    8.100   1.0000          NULL 
172.8000    7    0.900   1.0000         dur_6
173.7000    0    3.600   1.0000          NULL 
177.3000    1    0.900   1.0000         dur_0
178.2000    0    4.500   1.0000          NULL 
182.7000    9    0.900   1.0000         dur_8
183.5999    0    3.600   1.0000          NULL 
187.2000    7    0.900   1.0000         dur_6
188.0999    0    3.600   1.0000          NULL 
191.7000   10    0.900   1.0000         dur_9
192.5999    0    6.300   1.0000          NULL 
198.8999    5    0.900   1.0000         dur_4
199.7999    0    3.600   1.0000          NULL 
203.3999    4    0.900   1.0000         dur_3
204.2999    0    3.600   1.0000          NULL 
207.8999    2    0.900   1.0000         dur_1
208.7999    0    5.400   1.0000          NULL 
214.1999    4    0.900   1.0000         dur_3
215.0999    0    5.400   1.0000          NULL 
220.4999    4    0.900   1.0000         dur_3
221.3999    0    3.600   1.0000          NULL 
224.9999    6    0.900   1.0000         dur_5
225.8999    0    4.500   1.0000          NULL 
230.3999   11    0.900   1.0000        dur_10
231.2999    0    3.600   1.0000          NULL 
234.8999    8    0.900   1.0000         dur_7
235.7999    0    3.600   1.0000          NULL 
239.3999    6    0.900   1.0000         dur_5
240.2999    0    7.200   1.0000          NULL 
247.4999    6    0.900   1.0000         dur_5
248.3999    0    3.600   1.0000          NULL 
251.9999    7    0.900   1.0000         dur_6
252.8999    0    6.300   1.0000          NULL 
259.1999    9    0.900   1.0000         dur_8
260.0999    0    4.500   1.0000          NULL 
264.5999   10    0.900   1.0000         dur_9
265.4998    0    3.600   1.0000          NULL 
269.0999   11    0.900   1.0000        dur_10
269.9998    0    3.600   1.0000          NULL 
273.5999    2    0.900   1.0000         dur_1
274.4998    0    5.400   1.0000          NULL 
279.8998    7    0.900   1.0000         dur_6
280.7998    0    3.600   1.0000          NULL 
284.3998   11    0.900   1.0000        dur_10
285.2998    0    3.600   1.0000          NULL 
288.8998    4    0.900   1.0000         dur_3
289.7998    0    4.500   1.0000          NULL 
294.2998    3    0.900   1.0000         dur_2
295.1998    0    5.400   1.0000          NULL 
300.5998    9    0.900   1.0000         dur_8
301.4998    0    5.400   1.0000          NULL 
306.8998    3    0.900   1.0000         dur_2
307.7998    0    3.600   1.0000          NULL 
311.3998   11    0.900   1.0000        dur_10
312.2998    0    4.500   1.0000          NULL 
316.7998    1    0.900   1.0000         dur_0
317.6998    0    6.300   1.0000          NULL 
