  0.0000    6    0.900   1.0000         dur_5
  0.9000    0    3.600   1.0000          NULL 
  4.5000    4    0.900   1.0000         dur_3
  5.4000    0    4.500   1.0000          NULL 
  9.9000   10    0.900   1.0000         dur_9
 10.8000    0    3.600   1.0000          NULL 
 14.4000    3    0.900   1.0000         dur_2
 15.3000    0    9.900   1.0000          NULL 
 25.2000    2    0.900   1.0000         dur_1
 26.1000    0    3.600   1.0000          NULL 
 29.7000    3    0.900   1.0000         dur_2
 30.6000    0    3.600   1.0000          NULL 
 34.2000    7    0.900   1.0000         dur_6
 35.1000    0    3.600   1.0000          NULL 
 38.7000    8    0.900   1.0000         dur_7
 39.6000    0    8.100   1.0000          NULL 
 47.7000    5    0.900   1.0000         dur_4
 48.6000    0    3.600   1.0000          NULL 
 52.2000    9    0.900   1.0000         dur_8
 53.1000    0    3.600   1.0000          NULL 
 56.7000    1    0.900   1.0000         dur_0
 57.6000    0    3.600   1.0000          NULL 
 61.2000    6    0.900   1.0000         dur_5
 62.1000    0    4.500   1.0000          NULL 
 66.6000    2    0.900   1.0000         dur_1
 67.5000    0    3.600   1.0000          NULL 
 71.1000    1    0.900   1.0000         dur_0
 72.0000    0    4.500   1.0000          NULL 
 76.5000    7    0.900   1.0000         dur_6
 77.4000    0    3.600   1.0000          NULL 
 81.0000    5    0.900   1.0000         dur_4
 81.9000    0    4.500   1.0000          NULL 
 86.4000    1    0.900   1.0000         dur_0
 87.3000    0    3.600   1.0000          NULL 
 90.9000    9    0.900   1.0000         dur_8
 91.8000    0    3.600   1.0000          NULL 
 95.4000    3    0.900   1.0000         dur_2
 96.3000    0    3.600   1.0000          NULL 
 99.9000    1    0.900   1.0000         dur_0
100.8000    0    3.600   1.0000          NULL 
104.4000    5    0.900   1.0000         dur_4
105.3000    0    9.900   1.0000          NULL 
115.2000    8    0.900   1.0000         dur_7
116.1000    0    4.500   1.0000          NULL 
120.6000    8    0.900   1.0000         dur_7
121.5000    0    3.600   1.0000          NULL 
125.1000    6    0.900   1.0000         dur_5
126.0000    0    5.400   1.0000          NULL 
131.4000   10    0.900   1.0000         dur_9
132.3000    0    6.300   1.0000          NULL 
138.6000   11    0.900   1.0000        dur_10
139.5000    0    6.300   1.0000          NULL 
145.8000    4    0.900   1.0000         dur_3
146.7000    0    6.300   1.0000          NULL 
153.0000   11    0.900   1.0000        dur_10
153.8999    0    6.300   1.0000          NULL 
160.1999    2    0.900   1.0000         dur_1
161.0999    0    3.600   1.0000          NULL 
164.6999    4    0.900   1.0000         dur_3
165.5999    0    4.500   1.0000          NULL 
170.0999    3    0.900   1.0000         dur_2
170.9999    0    6.300   1.0000          NULL 
177.2999   10    0.900   1.0000         dur_9
178.1999    0    3.600   1.0000          NULL 
181.7999    5    0.900   1.0000         dur_4
182.6999    0    5.400   1.0000          NULL 
188.0999    3    0.900   1.0000         dur_2
188.9999    0    4.500   1.0000          NULL 
193.4999    6    0.900   1.0000         dur_5
194.3999    0    3.600   1.0000          NULL 
197.9999   11    0.900   1.0000        dur_10
198.8999    0    3.600   1.0000          NULL 
202.4999    9    0.900   1.0000         dur_8
203.3999    0    9.900   1.0000          NULL 
213.2999    2    0.900   1.0000         dur_1
214.1998    0    3.600   1.0000          NULL 
217.7999   10    0.900   1.0000         dur_9
218.6998    0    5.400   1.0000          NULL 
224.0998    1    0.900   1.0000         dur_0
224.9998    0    5.400   1.0000          NULL 
230.3998    9    0.900   1.0000         dur_8
231.2998    0    3.600   1.0000          NULL 
234.8998    7    0.900   1.0000         dur_6
235.7998    0    7.200   1.0000          NULL 
242.9998    1    0.900   1.0000         dur_0
243.8998    0    3.600   1.0000          NULL 
247.4998    4    0.900   1.0000         dur_3
248.3998    0    3.600   1.0000          NULL 
251.9998    8    0.900   1.0000         dur_7
252.8998    0    4.500   1.0000          NULL 
257.3998    9    0.900   1.0000         dur_8
258.2998    0    3.600   1.0000          NULL 
261.8998    5    0.900   1.0000         dur_4
262.7998    0    3.600   1.0000          NULL 
266.3998   11    0.900   1.0000        dur_10
267.2998    0    6.300   1.0000          NULL 
273.5998    7    0.900   1.0000         dur_6
274.4998    0    3.600   1.0000          NULL 
278.0998    2    0.900   1.0000         dur_1
278.9998    0    4.500   1.0000          NULL 
283.4998   11    0.900   1.0000        dur_10
284.3997    0    3.600   1.0000          NULL 
287.9998    6    0.900   1.0000         dur_5
288.8997    0    4.500   1.0000          NULL 
293.3997    8    0.900   1.0000         dur_7
294.2997    0    4.500   1.0000          NULL 
298.7997    1    0.900   1.0000         dur_0
299.6997    0    3.600   1.0000          NULL 
303.2997   10    0.900   1.0000         dur_9
304.1997    0    4.500   1.0000          NULL 
308.6997    4    0.900   1.0000         dur_3
309.5997    0    3.600   1.0000          NULL 
313.1997    7    0.900   1.0000         dur_6
314.0997    0    5.400   1.0000          NULL 
319.4997    1    0.900   1.0000         dur_0
320.3997    0    3.600   1.0000          NULL 
