  0.0000   11    0.900   1.0000        dur_10
  0.9000    0    3.600   1.0000          NULL 
  4.5000    7    0.900   1.0000         dur_6
  5.4000    0    3.600   1.0000          NULL 
  9.0000    2    0.900   1.0000         dur_1
  9.9000    0    9.000   1.0000          NULL 
 18.9000    8    0.900   1.0000         dur_7
 19.8000    0    3.600   1.0000          NULL 
 23.4000    6    0.900   1.0000         dur_5
 24.3000    0    3.600   1.0000          NULL 
 27.9000   10    0.900   1.0000         dur_9
 28.8000    0    3.600   1.0000          NULL 
 32.4000    8    0.900   1.0000         dur_7
 33.3000    0    4.500   1.0000          NULL 
 37.8000    1    0.900   1.0000         dur_0
 38.7000    0    4.500   1.0000          NULL 
 43.2000    5    0.900   1.0000         dur_4
 44.1000    0    4.500   1.0000          NULL 
 48.6000   11    0.900   1.0000        dur_10
 49.5000    0    4.500   1.0000          NULL 
 54.0000    6    0.900   1.0000         dur_5
 54.9000    0    4.500   1.0000          NULL 
 59.4000    1    0.900   1.0000         dur_0
 60.3000    0    6.300   1.0000          NULL 
 66.6000    3    0.900   1.0000         dur_2
 67.5000    0    5.400   1.0000          NULL 
 72.9000   11    0.900   1.0000        dur_10
 73.8000    0    4.500   1.0000          NULL 
 78.3000    2    0.900   1.0000         dur_1
 79.2000    0    3.600   1.0000          NULL 
 82.8000   11    0.900   1.0000        dur_10
 83.7000    0    3.600   1.0000          NULL 
 87.3000    8    0.900   1.0000         dur_7
 88.2000    0    5.400   1.0000          NULL 
 93.6000    4    0.900   1.0000         dur_3
 94.5000    0    4.500   1.0000          NULL 
 99.0000    2    0.900   1.0000         dur_1
 99.9000    0    3.600   1.0000          NULL 
103.5000    6    0.900   1.0000         dur_5
104.4000    0    5.400   1.0000          NULL 
109.8000    5    0.900   1.0000         dur_4
110.7000    0    3.600   1.0000          NULL 
114.3000    1    0.900   1.0000         dur_0
115.2000    0    3.600   1.0000          NULL 
118.8000    4    0.900   1.0000         dur_3
119.7000    0    8.100   1.0000          NULL 
127.8000    1    0.900   1.0000         dur_0
128.7000    0    3.600   1.0000          NULL 
132.3000   10    0.900   1.0000         dur_9
133.2000    0    4.500   1.0000          NULL 
137.7000   11    0.900   1.0000        dur_10
138.6000    0    4.500   1.0000          NULL 
143.1000    1    0.900   1.0000         dur_0
144.0000    0    3.600   1.0000          NULL 
147.6000    9    0.900   1.0000         dur_8
148.5000    0    3.600   1.0000          NULL 
152.1000    1    0.900   1.0000         dur_0
153.0000    0    7.200   1.0000          NULL 
160.2000    7    0.900   1.0000         dur_6
161.1000    0    3.600   1.0000          NULL 
164.7000    9    0.900   1.0000         dur_8
165.6000    0    3.600   1.0000          NULL 
169.2000    3    0.900   1.0000         dur_2
170.1000    0    4.500   1.0000          NULL 
174.6000   10    0.900   1.0000         dur_9
175.5000    0    8.100   1.0000          NULL 
183.6000    9    0.900   1.0000         dur_8
184.5000    0    3.600   1.0000          NULL 
188.1000    4    0.900   1.0000         dur_3
189.0000    0    4.500   1.0000          NULL 
193.5000    8    0.900   1.0000         dur_7
194.3999    0    3.600   1.0000          NULL 
198.0000    4    0.900   1.0000         dur_3
198.8999    0    3.600   1.0000          NULL 
202.5000    5    0.900   1.0000         dur_4
203.3999    0    4.500   1.0000          NULL 
207.8999    7    0.900   1.0000         dur_6
208.7999    0    3.600   1.0000          NULL 
212.3999    4    0.900   1.0000         dur_3
213.2999    0    3.600   1.0000          NULL 
216.8999    7    0.900   1.0000         dur_6
217.7999    0    4.500   1.0000          NULL 
222.2999    5    0.900   1.0000         dur_4
223.1999    0    3.600   1.0000          NULL 
226.7999    8    0.900   1.0000         dur_7
227.6999    0    4.500   1.0000          NULL 
232.1999    9    0.900   1.0000         dur_8
233.0999    0    8.100   1.0000          NULL 
241.1999   10    0.900   1.0000         dur_9
242.0999    0    6.300   1.0000          NULL 
248.3999    2    0.900   1.0000         dur_1
249.2999    0    3.600   1.0000          NULL 
252.8999   10    0.900   1.0000         dur_9
253.7999    0    3.600   1.0000          NULL 
257.3999    7    0.900   1.0000         dur_6
258.2999    0    7.200   1.0000          NULL 
265.4998    6    0.900   1.0000         dur_5
266.3998    0    3.600   1.0000          NULL 
269.9998    3    0.900   1.0000         dur_2
270.8998    0    5.400   1.0000          NULL 
276.2998    1    0.900   1.0000         dur_0
277.1998    0    3.600   1.0000          NULL 
280.7998    2    0.900   1.0000         dur_1
281.6998    0    3.600   1.0000          NULL 
285.2998    9    0.900   1.0000         dur_8
286.1998    0    6.300   1.0000          NULL 
292.4998    6    0.900   1.0000         dur_5
293.3998    0    3.600   1.0000          NULL 
296.9998    1    0.900   1.0000         dur_0
297.8998    0    3.600   1.0000          NULL 
301.4998    3    0.900   1.0000         dur_2
302.3998    0    7.200   1.0000          NULL 
309.5998    5    0.900   1.0000         dur_4
310.4998    0    9.000   1.0000          NULL 
319.4998    3    0.900   1.0000         dur_2
320.3997    0    3.600   1.0000          NULL 
