  0.0000    6    0.900   1.0000         dur_5
  0.9000    0    4.500   1.0000          NULL 
  5.4000    9    0.900   1.0000         dur_8
  6.3000    0    3.600   1.0000          NULL 
  9.9000    2    0.900   1.0000         dur_1
 10.8000    0    5.400   1.0000          NULL 
 16.2000    1    0.900   1.0000         dur_0
 17.1000    0    3.600   1.0000          NULL 
 20.7000    1    0.900   1.0000         dur_0
 21.6000    0    3.600   1.0000          NULL 
 25.2000    6    0.900   1.0000         dur_5
 26.1000    0    5.400   1.0000          NULL 
 31.5000    3    0.900   1.0000         dur_2
 32.4000    0    3.600   1.0000          NULL 
 36.0000    6    0.900   1.0000         dur_5
 36.9000    0    3.600   1.0000          NULL 
 40.5000   10    0.900   1.0000         dur_9
 41.4000    0    5.400   1.0000          NULL 
 46.8000    7    0.900   1.0000         dur_6
 47.7000    0    3.600   1.0000          NULL 
 51.3000    4    0.900   1.0000         dur_3
 52.2000    0    9.900   1.0000          NULL 
 62.1000    4    0.900   1.0000         dur_3
 63.0000    0    3.600   1.0000          NULL 
 66.6000    5    0.900   1.0000         dur_4
 67.5000    0    3.600   1.0000          NULL 
 71.1000    2    0.900   1.0000         dur_1
 72.0000    0    4.500   1.0000          NULL 
 76.5000    5    0.900   1.0000         dur_4
 77.4000    0    5.400   1.0000          NULL 
 82.8000    1    0.900   1.0000         dur_0
 83.7000    0    3.600   1.0000          NULL 
 87.3000   10    0.900   1.0000         dur_9
 88.2000    0    6.300   1.0000          NULL 
 94.5000    8    0.900   1.0000         dur_7
 95.4000    0    3.600   1.0000          NULL 
 99.0000    5    0.900   1.0000         dur_4
 99.9000    0    6.300   1.0000          NULL 
106.2000   11    0.900   1.0000        dur_10
107.1000    0    3.600   1.0000          NULL 
110.7000    8    0.900   1.0000         dur_7
111.6000    0    3.600   1.0000          NULL 
115.2000    9    0.900   1.0000         dur_8
116.1000    0    4.500   1.0000          NULL 
120.6000    9    0.900   1.0000         dur_8
121.5000    0    4.500   1.0000          NULL 
126.0000    7    0.900   1.0000         dur_6
126.9000    0    3.600   1.0000          NULL 
130.5000    2    0.900   1.0000         dur_1
131.4000    0    5.400   1.0000          NULL 
136.8000    7    0.900   1.0000         dur_6
137.7000    0    3.600   1.0000          NULL 
141.3000    3    0.900   1.0000         dur_2
142.2000    0    3.600   1.0000          NULL 
145.8000    3    0.900   1.0000         dur_2
146.7000    0    5.400   1.0000          NULL 
152.1000    6    0.900   1.0000         dur_5
153.0000    0   11.700   1.0000          NULL 
164.7000    2    0.900   1.0000         dur_1
165.5999    0    3.600   1.0000          NULL 
169.2000   11    0.900   1.0000        dur_10
170.0999    0    8.100   1.0000          NULL 
178.1999   10    0.900   1.0000         dur_9
179.0999    0    4.500   1.0000          NULL 
183.5999    4    0.900   1.0000         dur_3
184.4999    0    3.600   1.0000          NULL 
188.0999   10    0.900   1.0000         dur_9
188.9999    0    3.600   1.0000          NULL 
192.5999    9    0.900   1.0000         dur_8
193.4999    0    4.500   1.0000          NULL 
197.9999   11    0.900   1.0000        dur_10
198.8999    0    8.100   1.0000          NULL 
206.9999    3    0.900   1.0000         dur_2
207.8999    0    5.400   1.0000          NULL 
213.2999    8    0.900   1.0000         dur_7
214.1999    0    3.600   1.0000          NULL 
217.7999    1    0.900   1.0000         dur_0
218.6999    0    5.400   1.0000          NULL 
224.0999   11    0.900   1.0000        dur_10
224.9998    0    3.600   1.0000          NULL 
228.5999   11    0.900   1.0000        dur_10
229.4998    0    3.600   1.0000          NULL 
233.0999    7    0.900   1.0000         dur_6
233.9998    0    3.600   1.0000          NULL 
237.5999    8    0.900   1.0000         dur_7
238.4998    0    3.600   1.0000          NULL 
242.0999    6    0.900   1.0000         dur_5
242.9998    0    3.600   1.0000          NULL 
246.5999    1    0.900   1.0000         dur_0
247.4998    0    4.500   1.0000          NULL 
251.9998    8    0.900   1.0000         dur_7
252.8998    0    4.500   1.0000          NULL 
257.3998    1    0.900   1.0000         dur_0
258.2998    0    3.600   1.0000          NULL 
261.8998    2    0.900   1.0000         dur_1
262.7998    0    3.600   1.0000          NULL 
266.3998    4    0.900   1.0000         dur_3
267.2998    0    3.600   1.0000          NULL 
270.8998    3    0.900   1.0000         dur_2
271.7998    0    8.100   1.0000          NULL 
279.8998    5    0.900   1.0000         dur_4
280.7998    0    3.600   1.0000          NULL 
284.3998    7    0.900   1.0000         dur_6
285.2998    0    4.500   1.0000          NULL 
289.7998    9    0.900   1.0000         dur_8
290.6998    0    5.400   1.0000          NULL 
296.0998    5    0.900   1.0000         dur_4
296.9998    0    3.600   1.0000          NULL 
300.5998   10    0.900   1.0000         dur_9
301.4998    0    3.600   1.0000          NULL 
305.0998    1    0.900   1.0000         dur_0
305.9998    0    6.300   1.0000          NULL 
312.2998    4    0.900   1.0000         dur_3
313.1998    0    3.600   1.0000          NULL 
316.7998    1    0.900   1.0000         dur_0
317.6998    0    6.300   1.0000          NULL 
