  0.0000   10    0.900   1.0000         dur_9
  0.9000    0    3.600   1.0000          NULL 
  4.5000    5    0.900   1.0000         dur_4
  5.4000    0    3.600   1.0000          NULL 
  9.0000    7    0.900   1.0000         dur_6
  9.9000    0    4.500   1.0000          NULL 
 14.4000    9    0.900   1.0000         dur_8
 15.3000    0    7.200   1.0000          NULL 
 22.5000    8    0.900   1.0000         dur_7
 23.4000    0    4.500   1.0000          NULL 
 27.9000    2    0.900   1.0000         dur_1
 28.8000    0    3.600   1.0000          NULL 
 32.4000    2    0.900   1.0000         dur_1
 33.3000    0    5.400   1.0000          NULL 
 38.7000    5    0.900   1.0000         dur_4
 39.6000    0    3.600   1.0000          NULL 
 43.2000    2    0.900   1.0000         dur_1
 44.1000    0    4.500   1.0000          NULL 
 48.6000    3    0.900   1.0000         dur_2
 49.5000    0    6.300   1.0000          NULL 
 55.8000   11    0.900   1.0000        dur_10
 56.7000    0    3.600   1.0000          NULL 
 60.3000    8    0.900   1.0000         dur_7
 61.2000    0    3.600   1.0000          NULL 
 64.8000    4    0.900   1.0000         dur_3
 65.7000    0    5.400   1.0000          NULL 
 71.1000    4    0.900   1.0000         dur_3
 72.0000    0    4.500   1.0000          NULL 
 76.5000   11    0.900   1.0000        dur_10
 77.4000    0    3.600   1.0000          NULL 
 81.0000    9    0.900   1.0000         dur_8
 81.9000    0    3.600   1.0000          NULL 
 85.5000    1    0.900   1.0000         dur_0
 86.4000    0    5.400   1.0000          NULL 
 91.8000    8    0.900   1.0000         dur_7
 92.7000    0    3.600   1.0000          NULL 
 96.3000   11    0.900   1.0000        dur_10
 97.2000    0    7.200   1.0000          NULL 
104.4000    7    0.900   1.0000         dur_6
105.3000    0    4.500   1.0000          NULL 
109.8000    3    0.900   1.0000         dur_2
110.7000    0    3.600   1.0000          NULL 
114.3000    4    0.900   1.0000         dur_3
115.2000    0    4.500   1.0000          NULL 
119.7000    1    0.900   1.0000         dur_0
120.6000    0    3.600   1.0000          NULL 
124.2000    3    0.900   1.0000         dur_2
125.1000    0    5.400   1.0000          NULL 
130.5000    1    0.900   1.0000         dur_0
131.4000    0    4.500   1.0000          NULL 
135.9000    5    0.900   1.0000         dur_4
136.8000    0    3.600   1.0000          NULL 
140.4000    3    0.900   1.0000         dur_2
141.3000    0    3.600   1.0000          NULL 
144.9000    6    0.900   1.0000         dur_5
145.8000    0    3.600   1.0000          NULL 
149.4000    6    0.900   1.0000         dur_5
150.3000    0    4.500   1.0000          NULL 
154.8000    8    0.900   1.0000         dur_7
155.7000    0    3.600   1.0000          NULL 
159.3000   10    0.900   1.0000         dur_9
160.2000    0    3.600   1.0000          NULL 
163.8000    2    0.900   1.0000         dur_1
164.7000    0    5.400   1.0000          NULL 
170.1000    2    0.900   1.0000         dur_1
171.0000    0    8.100   1.0000          NULL 
179.1000   10    0.900   1.0000         dur_9
180.0000    0    3.600   1.0000          NULL 
183.6000   10    0.900   1.0000         dur_9
184.5000    0    7.200   1.0000          NULL 
191.6999    3    0.900   1.0000         dur_2
192.5999    0    4.500   1.0000          NULL 
197.0999    5    0.900   1.0000         dur_4
197.9999    0    3.600   1.0000          NULL 
201.5999    9    0.900   1.0000         dur_8
202.4999    0    9.000   1.0000          NULL 
211.4999   11    0.900   1.0000        dur_10
212.3999    0    4.500   1.0000          NULL 
216.8999   11    0.900   1.0000        dur_10
217.7999    0    7.200   1.0000          NULL 
224.9999   10    0.900   1.0000         dur_9
225.8999    0    5.400   1.0000          NULL 
231.2999    1    0.900   1.0000         dur_0
232.1998    0    3.600   1.0000          NULL 
235.7999    7    0.900   1.0000         dur_6
236.6998    0    3.600   1.0000          NULL 
240.2999    1    0.900   1.0000         dur_0
241.1998    0    9.000   1.0000          NULL 
250.1998    6    0.900   1.0000         dur_5
251.0998    0    3.600   1.0000          NULL 
254.6998    1    0.900   1.0000         dur_0
255.5998    0    4.500   1.0000          NULL 
260.0998    4    0.900   1.0000         dur_3
260.9998    0    3.600   1.0000          NULL 
264.5998    8    0.900   1.0000         dur_7
265.4998    0    5.400   1.0000          NULL 
270.8998    9    0.900   1.0000         dur_8
271.7998    0    3.600   1.0000          NULL 
275.3998    4    0.900   1.0000         dur_3
276.2998    0    3.600   1.0000          NULL 
279.8998    6    0.900   1.0000         dur_5
280.7998    0    6.300   1.0000          NULL 
287.0998    7    0.900   1.0000         dur_6
287.9998    0    4.500   1.0000          NULL 
292.4998    6    0.900   1.0000         dur_5
293.3997    0    4.500   1.0000          NULL 
297.8997    7    0.900   1.0000         dur_6
298.7997    0    3.600   1.0000          NULL 
302.3997    5    0.900   1.0000         dur_4
303.2997    0    4.500   1.0000          NULL 
307.7997    1    0.900   1.0000         dur_0
308.6997    0    5.400   1.0000          NULL 
314.0997    1    0.900   1.0000         dur_0
314.9997    0    3.600   1.0000          NULL 
318.5997    9    0.900   1.0000         dur_8
319.4997    0    4.500   1.0000          NULL 
