  0.0000    2    0.900   1.0000         dur_1
  0.9000    0    4.500   1.0000          NULL 
  5.4000    8    0.900   1.0000         dur_7
  6.3000    0    3.600   1.0000          NULL 
  9.9000    3    0.900   1.0000         dur_2
 10.8000    0    3.600   1.0000          NULL 
 14.4000    8    0.900   1.0000         dur_7
 15.3000    0    3.600   1.0000          NULL 
 18.9000    6    0.900   1.0000         dur_5
 19.8000    0    3.600   1.0000          NULL 
 23.4000    2    0.900   1.0000         dur_1
 24.3000    0    3.600   1.0000          NULL 
 27.9000    1    0.900   1.0000         dur_0
 28.8000    0    3.600   1.0000          NULL 
 32.4000    6    0.900   1.0000         dur_5
 33.3000    0    5.400   1.0000          NULL 
 38.7000    1    0.900   1.0000         dur_0
 39.6000    0    3.600   1.0000          NULL 
 43.2000    7    0.900   1.0000         dur_6
 44.1000    0    3.600   1.0000          NULL 
 47.7000    9    0.900   1.0000         dur_8
 48.6000    0    5.400   1.0000          NULL 
 54.0000    1    0.900   1.0000         dur_0
 54.9000    0    3.600   1.0000          NULL 
 58.5000    5    0.900   1.0000         dur_4
 59.4000    0    3.600   1.0000          NULL 
 63.0000    2    0.900   1.0000         dur_1
 63.9000    0    3.600   1.0000          NULL 
 67.5000    7    0.900   1.0000         dur_6
 68.4000    0    3.600   1.0000          NULL 
 72.0000    2    0.900   1.0000         dur_1
 72.9000    0    6.300   1.0000          NULL 
 79.2000    9    0.900   1.0000         dur_8
 80.1000    0    3.600   1.0000          NULL 
 83.7000    6    0.900   1.0000         dur_5
 84.6000    0    3.600   1.0000          NULL 
 88.2000   10    0.900   1.0000         dur_9
 89.1000    0    4.500   1.0000          NULL 
 93.6000   11    0.900   1.0000        dur_10
 94.5000    0    3.600   1.0000          NULL 
 98.1000    1    0.900   1.0000         dur_0
 99.0000    0    7.200   1.0000          NULL 
106.2000    9    0.900   1.0000         dur_8
107.1000    0    5.400   1.0000          NULL 
112.5000    3    0.900   1.0000         dur_2
113.4000    0    3.600   1.0000          NULL 
117.0000    1    0.900   1.0000         dur_0
117.9000    0    5.400   1.0000          NULL 
123.3000    5    0.900   1.0000         dur_4
124.2000    0    3.600   1.0000          NULL 
127.8000   10    0.900   1.0000         dur_9
128.7000    0    4.500   1.0000          NULL 
133.2000    4    0.900   1.0000         dur_3
134.1000    0    3.600   1.0000          NULL 
137.7000    6    0.900   1.0000         dur_5
138.6000    0    3.600   1.0000          NULL 
142.2000    5    0.900   1.0000         dur_4
143.1000    0    4.500   1.0000          NULL 
147.6000    9    0.900   1.0000         dur_8
148.5000    0    3.600   1.0000          NULL 
152.1000    7    0.900   1.0000         dur_6
153.0000    0    6.300   1.0000          NULL 
159.3000    6    0.900   1.0000         dur_5
160.2000    0    3.600   1.0000          NULL 
163.8000    3    0.900   1.0000         dur_2
164.7000    0    6.300   1.0000          NULL 
171.0000   10    0.900   1.0000         dur_9
171.9000    0    4.500   1.0000          NULL 
176.4000    7    0.900   1.0000         dur_6
177.3000    0    5.400   1.0000          NULL 
182.7000   11    0.900   1.0000        dur_10
183.6000    0    8.100   1.0000          NULL 
191.6999    5    0.900   1.0000         dur_4
192.5999    0    5.400   1.0000          NULL 
197.9999   11    0.900   1.0000        dur_10
198.8999    0    4.500   1.0000          NULL 
203.3999    4    0.900   1.0000         dur_3
204.2999    0    3.600   1.0000          NULL 
207.8999    1    0.900   1.0000         dur_0
208.7999    0    4.500   1.0000          NULL 
213.2999    4    0.900   1.0000         dur_3
214.1999    0    5.400   1.0000          NULL 
219.5999    8    0.900   1.0000         dur_7
220.4999    0    8.100   1.0000          NULL 
228.5999    3    0.900   1.0000         dur_2
229.4999    0    3.600   1.0000          NULL 
233.0999   11    0.900   1.0000        dur_10
233.9999    0    6.300   1.0000          NULL 
240.2999    8    0.900   1.0000         dur_7
241.1998    0    3.600   1.0000          NULL 
244.7999    4    0.900   1.0000         dur_3
245.6998    0   10.800   1.0000          NULL 
256.4998    9    0.900   1.0000         dur_8
257.3998    0    3.600   1.0000          NULL 
260.9998    8    0.900   1.0000         dur_7
261.8998    0    5.400   1.0000          NULL 
267.2998   11    0.900   1.0000        dur_10
268.1998    0    9.000   1.0000          NULL 
277.1998    2    0.900   1.0000         dur_1
278.0998    0    4.500   1.0000          NULL 
282.5998   10    0.900   1.0000         dur_9
283.4998    0    3.600   1.0000          NULL 
287.0998    1    0.900   1.0000         dur_0
287.9998    0    3.600   1.0000          NULL 
291.5998   10    0.900   1.0000         dur_9
292.4998    0    3.600   1.0000          NULL 
296.0998    3    0.900   1.0000         dur_2
296.9998    0    4.500   1.0000          NULL 
301.4998    7    0.900   1.0000         dur_6
302.3997    0    4.500   1.0000          NULL 
306.8997    4    0.900   1.0000         dur_3
307.7997    0    3.600   1.0000          NULL 
311.3997    5    0.900   1.0000         dur_4
312.2997    0    3.600   1.0000          NULL 
315.8997    1    0.900   1.0000         dur_0
316.7997    0    7.200   1.0000          NULL 
