  0.0000    1    0.900   1.0000         dur_0
  0.9000    0    3.600   1.0000          NULL 
  4.5000    6    0.900   1.0000         dur_5
  5.4000    0    4.500   1.0000          NULL 
  9.9000    7    0.900   1.0000         dur_6
 10.8000    0    3.600   1.0000          NULL 
 14.4000    5    0.900   1.0000         dur_4
 15.3000    0    3.600   1.0000          NULL 
 18.9000   11    0.900   1.0000        dur_10
 19.8000    0    3.600   1.0000          NULL 
 23.4000    7    0.900   1.0000         dur_6
 24.3000    0    3.600   1.0000          NULL 
 27.9000    8    0.900   1.0000         dur_7
 28.8000    0    3.600   1.0000          NULL 
 32.4000    7    0.900   1.0000         dur_6
 33.3000    0    6.300   1.0000          NULL 
 39.6000    9    0.900   1.0000         dur_8
 40.5000    0    3.600   1.0000          NULL 
 44.1000    2    0.900   1.0000         dur_1
 45.0000    0    9.000   1.0000          NULL 
 54.0000    2    0.900   1.0000         dur_1
 54.9000    0    4.500   1.0000          NULL 
 59.4000    4    0.900   1.0000         dur_3
 60.3000    0    3.600   1.0000          NULL 
 63.9000    4    0.900   1.0000         dur_3
 64.8000    0    4.500   1.0000          NULL 
 69.3000    1    0.900   1.0000         dur_0
 70.2000    0    3.600   1.0000          NULL 
 73.8000    2    0.900   1.0000         dur_1
 74.7000    0    3.600   1.0000          NULL 
 78.3000    6    0.900   1.0000         dur_5
 79.2000    0    4.500   1.0000          NULL 
 83.7000    9    0.900   1.0000         dur_8
 84.6000    0    3.600   1.0000          NULL 
 88.2000    7    0.900   1.0000         dur_6
 89.1000    0    7.200   1.0000          NULL 
 96.3000    4    0.900   1.0000         dur_3
 97.2000    0    3.600   1.0000          NULL 
100.8000    6    0.900   1.0000         dur_5
101.7000    0    4.500   1.0000          NULL 
106.2000    8    0.900   1.0000         dur_7
107.1000    0    8.100   1.0000          NULL 
115.2000    5    0.900   1.0000         dur_4
116.1000    0    3.600   1.0000          NULL 
119.7000    6    0.900   1.0000         dur_5
120.6000    0    7.200   1.0000          NULL 
127.8000    3    0.900   1.0000         dur_2
128.7000    0    3.600   1.0000          NULL 
132.3000    3    0.900   1.0000         dur_2
133.2000    0    3.600   1.0000          NULL 
136.8000    5    0.900   1.0000         dur_4
137.7000    0    5.400   1.0000          NULL 
143.1000    2    0.900   1.0000         dur_1
144.0000    0    3.600   1.0000          NULL 
147.6000    8    0.900   1.0000         dur_7
148.5000    0    3.600   1.0000          NULL 
152.1000    1    0.900   1.0000         dur_0
153.0000    0    3.600   1.0000          NULL 
156.6000    1    0.900   1.0000         dur_0
157.5000    0    4.500   1.0000          NULL 
162.0000   10    0.900   1.0000         dur_9
162.9000    0    6.300   1.0000          NULL 
169.2000    4    0.900   1.0000         dur_3
170.1000    0    8.100   1.0000          NULL 
178.2000   10    0.900   1.0000         dur_9
179.1000    0    3.600   1.0000          NULL 
182.7000    3    0.900   1.0000         dur_2
183.6000    0    5.400   1.0000          NULL 
189.0000    7    0.900   1.0000         dur_6
189.8999    0    4.500   1.0000          NULL 
194.3999    1    0.900   1.0000         dur_0
195.2999    0    5.400   1.0000          NULL 
200.6999   11    0.900   1.0000        dur_10
201.5999    0    3.600   1.0000          NULL 
205.1999   11    0.900   1.0000        dur_10
206.0999    0    7.200   1.0000          NULL 
213.2999    1    0.900   1.0000         dur_0
214.1999    0    4.500   1.0000          NULL 
218.6999    5    0.900   1.0000         dur_4
219.5999    0    3.600   1.0000          NULL 
223.1999    8    0.900   1.0000         dur_7
224.0999    0    5.400   1.0000          NULL 
229.4999    1    0.900   1.0000         dur_0
230.3999    0    5.400   1.0000          NULL 
235.7999    1    0.900   1.0000         dur_0
236.6999    0    3.600   1.0000          NULL 
240.2999    5    0.900   1.0000         dur_4
241.1999    0    5.400   1.0000          NULL 
246.5999   10    0.900   1.0000         dur_9
247.4999    0    5.400   1.0000          NULL 
252.8999    6    0.900   1.0000         dur_5
253.7999    0    3.600   1.0000          NULL 
257.3998   10    0.900   1.0000         dur_9
258.2998    0    8.100   1.0000          NULL 
266.3998    2    0.900   1.0000         dur_1
267.2998    0    5.400   1.0000          NULL 
272.6998   11    0.900   1.0000        dur_10
273.5998    0    3.600   1.0000          NULL 
277.1998   10    0.900   1.0000         dur_9
278.0998    0    3.600   1.0000          NULL 
281.6998    9    0.900   1.0000         dur_8
282.5998    0    8.100   1.0000          NULL 
290.6998    8    0.900   1.0000         dur_7
291.5998    0    3.600   1.0000          NULL 
295.1998    9    0.900   1.0000         dur_8
296.0998    0    3.600   1.0000          NULL 
299.6998    3    0.900   1.0000         dur_2
300.5998    0    3.600   1.0000          NULL 
304.1998   11    0.900   1.0000        dur_10
305.0998    0    4.500   1.0000          NULL 
309.5998    3    0.900   1.0000         dur_2
310.4998    0    3.600   1.0000          NULL 
314.0998    4    0.900   1.0000         dur_3
314.9998    0    3.600   1.0000          NULL 
318.5998    9    0.900   1.0000         dur_8
319.4998    0    4.500   1.0000          NULL 
