  0.0000    9    0.900   1.0000         dur_8
  0.9000    0    3.600   1.0000          NULL 
  4.5000    4    0.900   1.0000         dur_3
  5.4000    0    4.500   1.0000          NULL 
  9.9000   11    0.900   1.0000        dur_10
 10.8000    0    5.400   1.0000          NULL 
 16.2000    4    0.900   1.0000         dur_3
 17.1000    0    3.600   1.0000          NULL 
 20.7000    8    0.900   1.0000         dur_7
 21.6000    0    4.500   1.0000          NULL 
 26.1000    3    0.900   1.0000         dur_2
 27.0000    0    3.600   1.0000          NULL 
 30.6000    6    0.900   1.0000         dur_5
 31.5000    0    3.600   1.0000          NULL 
 35.1000    3    0.900   1.0000         dur_2
 36.0000    0    4.500   1.0000          NULL 
 40.5000    9    0.900   1.0000         dur_8
 41.4000    0    8.100   1.0000          NULL 
 49.5000    2    0.900   1.0000         dur_1
 50.4000    0    4.500   1.0000          NULL 
 54.9000   10    0.900   1.0000         dur_9
 55.8000    0    5.400   1.0000          NULL 
 61.2000    4    0.900   1.0000         dur_3
 62.1000    0    8.100   1.0000          NULL 
 70.2000    8    0.900   1.0000         dur_7
 71.1000    0    4.500   1.0000          NULL 
 75.6000    6    0.900   1.0000         dur_5
 76.5000    0    3.600   1.0000          NULL 
 80.1000    9    0.900   1.0000         dur_8
 81.0000    0    3.600   1.0000          NULL 
 84.6000    1    0.900   1.0000         dur_0
 85.5000    0    5.400   1.0000          NULL 
 90.9000    5    0.900   1.0000         dur_4
 91.8000    0    3.600   1.0000          NULL 
 95.4000    5    0.900   1.0000         dur_4
 96.3000    0    4.500   1.0000          NULL 
100.8000    9    0.900   1.0000         dur_8
101.7000    0    3.600   1.0000          NULL 
105.3000    7    0.900   1.0000         dur_6
106.2000    0    5.400   1.0000          NULL 
111.6000    1    0.900   1.0000         dur_0
112.5000    0    4.500   1.0000          NULL 
117.0000    2    0.900   1.0000         dur_1
117.9000    0    7.200   1.0000          NULL 
125.1000    7    0.900   1.0000         dur_6
126.0000    0    5.400   1.0000          NULL 
131.4000    8    0.900   1.0000         dur_7
132.3000    0    3.600   1.0000          NULL 
135.9000    8    0.900   1.0000         dur_7
136.8000    0    6.300   1.0000          NULL 
143.1000    6    0.900   1.0000         dur_5
144.0000    0    3.600   1.0000          NULL 
147.6000    1    0.900   1.0000         dur_0
148.5000    0    8.100   1.0000          NULL 
156.6000   11    0.900   1.0000        dur_10
157.5000    0    6.300   1.0000          NULL 
163.8000    1    0.900   1.0000         dur_0
164.7000    0    5.400   1.0000          NULL 
170.0999    1    0.900   1.0000         dur_0
170.9999    0    3.600   1.0000          NULL 
174.5999    4    0.900   1.0000         dur_3
175.4999    0    6.300   1.0000          NULL 
181.7999    1    0.900   1.0000         dur_0
182.6999    0    3.600   1.0000          NULL 
186.2999    6    0.900   1.0000         dur_5
187.1999    0    4.500   1.0000          NULL 
191.6999    6    0.900   1.0000         dur_5
192.5999    0    3.600   1.0000          NULL 
196.1999   10    0.900   1.0000         dur_9
197.0999    0    9.000   1.0000          NULL 
206.0999    2    0.900   1.0000         dur_1
206.9999    0    3.600   1.0000          NULL 
210.5999   11    0.900   1.0000        dur_10
211.4999    0    3.600   1.0000          NULL 
215.0999    7    0.900   1.0000         dur_6
215.9999    0    3.600   1.0000          NULL 
219.5999    4    0.900   1.0000         dur_3
220.4999    0    3.600   1.0000          NULL 
224.0999    7    0.900   1.0000         dur_6
224.9999    0    3.600   1.0000          NULL 
228.5999    2    0.900   1.0000         dur_1
229.4999    0    9.000   1.0000          NULL 
238.4998    2    0.900   1.0000         dur_1
239.3998    0    3.600   1.0000          NULL 
242.9998    9    0.900   1.0000         dur_8
243.8998    0    3.600   1.0000          NULL 
247.4998   10    0.900   1.0000         dur_9
248.3998    0    4.500   1.0000          NULL 
252.8998    5    0.900   1.0000         dur_4
253.7998    0    3.600   1.0000          NULL 
257.3998    8    0.900   1.0000         dur_7
258.2998    0    6.300   1.0000          NULL 
264.5998   11    0.900   1.0000        dur_10
265.4998    0    3.600   1.0000          NULL 
269.0998    3    0.900   1.0000         dur_2
269.9998    0    8.100   1.0000          NULL 
278.0998   10    0.900   1.0000         dur_9
278.9998    0    3.600   1.0000          NULL 
282.5998   11    0.900   1.0000        dur_10
283.4998    0    3.600   1.0000          NULL 
287.0998    1    0.900   1.0000         dur_0
287.9998    0    3.600   1.0000          NULL 
291.5998    3    0.900   1.0000         dur_2
292.4998    0    3.600   1.0000          NULL 
296.0998    5    0.900   1.0000         dur_4
296.9998    0    3.600   1.0000          NULL 
300.5998    7    0.900   1.0000         dur_6
301.4998    0    3.600   1.0000          NULL 
305.0998    5    0.900   1.0000         dur_4
305.9998    0    3.600   1.0000          NULL 
309.5998    3    0.900   1.0000         dur_2
310.4998    0    3.600   1.0000          NULL 
314.0998    1    0.900   1.0000         dur_0
314.9998    0    3.600   1.0000          NULL 
318.5998   10    0.900   1.0000         dur_9
319.4998    0    4.500   1.0000          NULL 
