  0.0000    2    0.900   1.0000         dur_1
  0.9000    0    3.600   1.0000          NULL 
  4.5000    8    0.900   1.0000         dur_7
  5.4000    0    3.600   1.0000          NULL 
  9.0000    7    0.900   1.0000         dur_6
  9.9000    0    3.600   1.0000          NULL 
 13.5000    2    0.900   1.0000         dur_1
 14.4000    0    4.500   1.0000          NULL 
 18.9000    1    0.900   1.0000         dur_0
 19.8000    0    5.400   1.0000          NULL 
 25.2000    4    0.900   1.0000         dur_3
 26.1000    0    4.500   1.0000          NULL 
 30.6000    5    0.900   1.0000         dur_4
 31.5000    0    3.600   1.0000          NULL 
 35.1000    9    0.900   1.0000         dur_8
 36.0000    0    3.600   1.0000          NULL 
 39.6000    7    0.900   1.0000         dur_6
 40.5000    0    9.000   1.0000          NULL 
 49.5000    6    0.900   1.0000         dur_5
 50.4000    0    5.400   1.0000          NULL 
 55.8000    5    0.900   1.0000         dur_4
 56.7000    0    6.300   1.0000          NULL 
 63.0000    4    0.900   1.0000         dur_3
 63.9000    0    3.600   1.0000          NULL 
 67.5000    3    0.900   1.0000         dur_2
 68.4000    0    5.400   1.0000          NULL 
 73.8000    3    0.900   1.0000         dur_2
 74.7000    0    3.600   1.0000          NULL 
 78.3000    5    0.900   1.0000         dur_4
 79.2000    0    4.500   1.0000          NULL 
 83.7000    1    0.900   1.0000         dur_0
 84.6000    0    3.600   1.0000          NULL 
 88.2000    6    0.900   1.0000         dur_5
 89.1000    0    4.500   1.0000          NULL 
 93.6000    8    0.900   1.0000         dur_7
 94.5000    0    3.600   1.0000          NULL 
 98.1000   10    0.900   1.0000         dur_9
 99.0000    0    3.600   1.0000          NULL 
102.6000    7    0.900   1.0000         dur_6
103.5000    0    4.500   1.0000          NULL 
108.0000    1    0.900   1.0000         dur_0
108.9000    0    3.600   1.0000          NULL 
112.5000    5    0.900   1.0000         dur_4
113.4000    0    3.600   1.0000          NULL 
117.0000   11    0.900   1.0000        dur_10
117.9000    0    4.500   1.0000          NULL 
122.4000    9    0.900   1.0000         dur_8
123.3000    0    3.600   1.0000          NULL 
126.9000    1    0.900   1.0000         dur_0
127.8000    0    5.400   1.0000          NULL 
133.2000    7    0.900   1.0000         dur_6
134.1000    0    3.600   1.0000          NULL 
137.7000   10    0.900   1.0000         dur_9
138.6000    0    3.600   1.0000          NULL 
142.2000    1    0.900   1.0000         dur_0
143.1000    0    4.500   1.0000          NULL 
147.6000    3    0.900   1.0000         dur_2
148.5000    0    7.200   1.0000          NULL 
155.7000   11    0.900   1.0000        dur_10
156.6000    0    5.400   1.0000          NULL 
162.0000    6    0.900   1.0000         dur_5
162.9000    0    4.500   1.0000          NULL 
167.4000    9    0.900   1.0000         dur_8
168.3000    0    4.500   1.0000          NULL 
172.8000    2    0.900   1.0000         dur_1
173.7000    0    7.200   1.0000          NULL 
180.8999    5    0.900   1.0000         dur_4
181.7999    0    3.600   1.0000          NULL 
185.3999   10    0.900   1.0000         dur_9
186.2999    0   10.800   1.0000          NULL 
197.0999    9    0.900   1.0000         dur_8
197.9999    0    4.500   1.0000          NULL 
202.4999    9    0.900   1.0000         dur_8
203.3999    0    6.300   1.0000          NULL 
209.6999    8    0.900   1.0000         dur_7
210.5999    0    3.600   1.0000          NULL 
214.1999    6    0.900   1.0000         dur_5
215.0999    0    6.300   1.0000          NULL 
221.3998    3    0.900   1.0000         dur_2
222.2998    0    3.600   1.0000          NULL 
225.8998    1    0.900   1.0000         dur_0
226.7998    0    5.400   1.0000          NULL 
232.1998   11    0.900   1.0000        dur_10
233.0998    0    3.600   1.0000          NULL 
236.6998    2    0.900   1.0000         dur_1
237.5998    0    3.600   1.0000          NULL 
241.1998    7    0.900   1.0000         dur_6
242.0998    0    3.600   1.0000          NULL 
245.6998    4    0.900   1.0000         dur_3
246.5998    0    4.500   1.0000          NULL 
251.0998    8    0.900   1.0000         dur_7
251.9998    0    3.600   1.0000          NULL 
255.5998    3    0.900   1.0000         dur_2
256.4998    0    3.600   1.0000          NULL 
260.0998   10    0.900   1.0000         dur_9
260.9998    0    3.600   1.0000          NULL 
264.5998    6    0.900   1.0000         dur_5
265.4998    0    3.600   1.0000          NULL 
269.0998   10    0.900   1.0000         dur_9
269.9998    0    8.100   1.0000          NULL 
278.0998    8    0.900   1.0000         dur_7
278.9998    0    6.300   1.0000          NULL 
285.2998   11    0.900   1.0000        dur_10
286.1998    0    4.500   1.0000          NULL 
290.6998    4    0.900   1.0000         dur_3
291.5998    0    3.600   1.0000          NULL 
295.1998    2    0.900   1.0000         dur_1
296.0998    0    3.600   1.0000          NULL 
299.6998    4    0.900   1.0000         dur_3
300.5998    0    6.300   1.0000          NULL 
306.8997    1    0.900   1.0000         dur_0
307.7997    0    3.600   1.0000          NULL 
311.3997   11    0.900   1.0000        dur_10
312.2997    0    7.200   1.0000          NULL 
319.4997    1    0.900   1.0000         dur_0
320.3997    0    3.600   1.0000          NULL 
