  0.0000    8    0.900   1.0000         dur_7
  0.9000    0    4.500   1.0000          NULL 
  5.4000   11    0.900   1.0000        dur_10
  6.3000    0    3.600   1.0000          NULL 
  9.9000   11    0.900   1.0000        dur_10
 10.8000    0    3.600   1.0000          NULL 
 14.4000    2    0.900   1.0000         dur_1
 15.3000    0    4.500   1.0000          NULL 
 19.8000    4    0.900   1.0000         dur_3
 20.7000    0    4.500   1.0000          NULL 
 25.2000   11    0.900   1.0000        dur_10
 26.1000    0    3.600   1.0000          NULL 
 29.7000    1    0.900   1.0000         dur_0
 30.6000    0    4.500   1.0000          NULL 
 35.1000    9    0.900   1.0000         dur_8
 36.0000    0   10.800   1.0000          NULL 
 46.8000    7    0.900   1.0000         dur_6
 47.7000    0    3.600   1.0000          NULL 
 51.3000    6    0.900   1.0000         dur_5
 52.2000    0    3.600   1.0000          NULL 
 55.8000    7    0.900   1.0000         dur_6
 56.7000    0    4.500   1.0000          NULL 
 61.2000    5    0.900   1.0000         dur_4
 62.1000    0    3.600   1.0000          NULL 
 65.7000    1    0.900   1.0000         dur_0
 66.6000    0    8.100   1.0000          NULL 
 74.7000    6    0.900   1.0000         dur_5
 75.6000    0    3.600   1.0000          NULL 
 79.2000    3    0.900   1.0000         dur_2
 80.1000    0    5.400   1.0000          NULL 
 85.5000    1    0.900   1.0000         dur_0
 86.4000    0    3.600   1.0000          NULL 
 90.0000   10    0.900   1.0000         dur_9
 90.9000    0    3.600   1.0000          NULL 
 94.5000    5    0.900   1.0000         dur_4
 95.4000    0    5.400   1.0000          NULL 
100.8000    2    0.900   1.0000         dur_1
101.7000    0    3.600   1.0000          NULL 
105.3000    2    0.900   1.0000         dur_1
106.2000    0    3.600   1.0000          NULL 
109.8000    3    0.900   1.0000         dur_2
110.7000    0    3.600   1.0000          NULL 
114.3000   10    0.900   1.0000         dur_9
115.2000    0    5.400   1.0000          NULL 
120.6000    6    0.900   1.0000         dur_5
121.5000    0    6.300   1.0000          NULL 
127.8000    9    0.900   1.0000         dur_8
128.7000    0    4.500   1.0000          NULL 
133.2000    6    0.900   1.0000         dur_5
134.1000    0    3.600   1.0000          NULL 
137.7000   11    0.900   1.0000        dur_10
138.6000    0    5.400   1.0000          NULL 
144.0000    4    0.900   1.0000         dur_3
144.9000    0    3.600   1.0000          NULL 
148.5000    4    0.900   1.0000         dur_3
149.4000    0    5.400   1.0000          NULL 
154.8000    5    0.900   1.0000         dur_4
155.7000    0    5.400   1.0000          NULL 
161.1000    8    0.900   1.0000         dur_7
162.0000    0    3.600   1.0000          NULL 
165.6000    9    0.900   1.0000         dur_8
166.5000    0    7.200   1.0000          NULL 
173.7000   10    0.900   1.0000         dur_9
174.6000    0    3.600   1.0000          NULL 
178.2000    7    0.900   1.0000         dur_6
179.1000    0    4.500   1.0000          NULL 
183.6000    9    0.900   1.0000         dur_8
184.5000    0    5.400   1.0000          NULL 
189.8999    4    0.900   1.0000         dur_3
190.7999    0    8.100   1.0000          NULL 
198.8999    2    0.900   1.0000         dur_1
199.7999    0    3.600   1.0000          NULL 
203.3999    9    0.900   1.0000         dur_8
204.2999    0    4.500   1.0000          NULL 
208.7999    5    0.900   1.0000         dur_4
209.6999    0    3.600   1.0000          NULL 
213.2999    7    0.900   1.0000         dur_6
214.1999    0    5.400   1.0000          NULL 
219.5999    8    0.900   1.0000         dur_7
220.4999    0    3.600   1.0000          NULL 
224.0999    5    0.900   1.0000         dur_4
224.9999    0    7.200   1.0000          NULL 
232.1999   10    0.900   1.0000         dur_9
233.0999    0    5.400   1.0000          NULL 
238.4999    3    0.900   1.0000         dur_2
239.3999    0    6.300   1.0000          NULL 
245.6998    6    0.900   1.0000         dur_5
246.5998    0    3.600   1.0000          NULL 
250.1998   10    0.900   1.0000         dur_9
251.0998    0    3.600   1.0000          NULL 
254.6998    1    0.900   1.0000         dur_0
255.5998    0    3.600   1.0000          NULL 
259.1998    1    0.900   1.0000         dur_0
260.0998    0    6.300   1.0000          NULL 
266.3998    3    0.900   1.0000         dur_2
267.2998    0    3.600   1.0000          NULL 
270.8998    2    0.900   1.0000         dur_1
271.7998    0    4.500   1.0000          NULL 
276.2998    7    0.900   1.0000         dur_6
277.1998    0    4.500   1.0000          NULL 
281.6998    1    0.900   1.0000         dur_0
282.5998    0    3.600   1.0000          NULL 
286.1998    8    0.900   1.0000         dur_7
287.0998    0    3.600   1.0000          NULL 
290.6998    8    0.900   1.0000         dur_7
291.5998    0    3.600   1.0000          NULL 
295.1998    1    0.900   1.0000         dur_0
296.0998    0    3.600   1.0000          NULL 
299.6998   11    0.900   1.0000        dur_10
300.5998    0    3.600   1.0000          NULL 
304.1998    4    0.900   1.0000         dur_3
305.0998    0    3.600   1.0000          NULL 
308.6998    3    0.900   1.0000         dur_2
309.5998    0    9.000   1.0000          NULL 
318.5998    1    0.900   1.0000         dur_0
319.4998    0    4.500   1.0000          NULL 
