  0.0000    4    0.900   1.0000         dur_3
  0.9000    0    5.400   1.0000          NULL 
  6.3000    4    0.900   1.0000         dur_3
  7.2000    0    3.600   1.0000          NULL 
 10.8000    5    0.900   1.0000         dur_4
 11.7000    0    4.500   1.0000          NULL 
 16.2000    1    0.900   1.0000         dur_0
 17.1000    0    3.600   1.0000          NULL 
 20.7000    5    0.900   1.0000         dur_4
 21.6000    0    4.500   1.0000          NULL 
 26.1000    5    0.900   1.0000         dur_4
 27.0000    0    5.400   1.0000          NULL 
 32.4000    7    0.900   1.0000         dur_6
 33.3000    0    3.600   1.0000          NULL 
 36.9000    8    0.900   1.0000         dur_7
 37.8000    0    5.400   1.0000          NULL 
 43.2000   11    0.900   1.0000        dur_10
 44.1000    0    3.600   1.0000          NULL 
 47.7000    6    0.900   1.0000         dur_5
 48.6000    0    3.600   1.0000          NULL 
 52.2000    7    0.900   1.0000         dur_6
 53.1000    0    3.600   1.0000          NULL 
 56.7000    9    0.900   1.0000         dur_8
 57.6000    0    3.600   1.0000          NULL 
 61.2000    1    0.900   1.0000         dur_0
 62.1000    0    3.600   1.0000          NULL 
 65.7000    4    0.900   1.0000         dur_3
 66.6000    0    7.200   1.0000          NULL 
 73.8000    7    0.900   1.0000         dur_6
 74.7000    0    6.300   1.0000          NULL 
 81.0000    2    0.900   1.0000         dur_1
 81.9000    0    3.600   1.0000          NULL 
 85.5000   10    0.900   1.0000         dur_9
 86.4000    0    3.600   1.0000          NULL 
 90.0000    6    0.900   1.0000         dur_5
 90.9000    0    9.000   1.0000          NULL 
 99.9000    8    0.900   1.0000         dur_7
100.8000    0    3.600   1.0000          NULL 
104.4000    5    0.900   1.0000         dur_4
105.3000    0    3.600   1.0000          NULL 
108.9000    6    0.900   1.0000         dur_5
109.8000    0    3.600   1.0000          NULL 
113.4000    9    0.900   1.0000         dur_8
114.3000    0    6.300   1.0000          NULL 
120.6000    4    0.900   1.0000         dur_3
121.5000    0    3.600   1.0000          NULL 
125.1000    2    0.900   1.0000         dur_1
126.0000    0    3.600   1.0000          NULL 
129.6000    3    0.900   1.0000         dur_2
130.5000    0    3.600   1.0000          NULL 
134.1000    9    0.900   1.0000         dur_8
135.0000    0    5.400   1.0000          NULL 
140.4000   10    0.900   1.0000         dur_9
141.3000    0    6.300   1.0000          NULL 
147.6000    9    0.900   1.0000         dur_8
148.5000    0    3.600   1.0000          NULL 
152.1000    7    0.900   1.0000         dur_6
153.0000    0    3.600   1.0000          NULL 
156.6000    3    0.900   1.0000         dur_2
157.5000    0   10.800   1.0000          NULL 
168.3000   11    0.900   1.0000        dur_10
169.2000    0    5.400   1.0000          NULL 
174.5999    2    0.900   1.0000         dur_1
175.4999    0    3.600   1.0000          NULL 
179.0999    8    0.900   1.0000         dur_7
179.9999    0    5.400   1.0000          NULL 
185.3999    8    0.900   1.0000         dur_7
186.2999    0    3.600   1.0000          NULL 
189.8999    3    0.900   1.0000         dur_2
190.7999    0    4.500   1.0000          NULL 
195.2999    1    0.900   1.0000         dur_0
196.1999    0    3.600   1.0000          NULL 
199.7999    3    0.900   1.0000         dur_2
200.6999    0    4.500   1.0000          NULL 
205.1999    7    0.900   1.0000         dur_6
206.0999    0    7.200   1.0000          NULL 
213.2999    1    0.900   1.0000         dur_0
214.1999    0    4.500   1.0000          NULL 
218.6999    8    0.900   1.0000         dur_7
219.5999    0    4.500   1.0000          NULL 
224.0999    1    0.900   1.0000         dur_0
224.9999    0    6.300   1.0000          NULL 
231.2999   10    0.900   1.0000         dur_9
232.1999    0    3.600   1.0000          NULL 
235.7999   11    0.900   1.0000        dur_10
236.6999    0    3.600   1.0000          NULL 
240.2999   11    0.900   1.0000        dur_10
241.1999    0    5.400   1.0000          NULL 
246.5999    9    0.900   1.0000         dur_8
247.4998    0    5.400   1.0000          NULL 
252.8998    6    0.900   1.0000         dur_5
253.7998    0    3.600   1.0000          NULL 
257.3998    6    0.900   1.0000         dur_5
258.2998    0    7.200   1.0000          NULL 
265.4998    1    0.900   1.0000         dur_0
266.3998    0    5.400   1.0000          NULL 
271.7998   10    0.900   1.0000         dur_9
272.6998    0    3.600   1.0000          NULL 
276.2998    2    0.900   1.0000         dur_1
277.1998    0    3.600   1.0000          NULL 
280.7998    1    0.900   1.0000         dur_0
281.6998    0    4.500   1.0000          NULL 
286.1998   10    0.900   1.0000         dur_9
287.0998    0    5.400   1.0000          NULL 
292.4998    5    0.900   1.0000         dur_4
293.3998    0    3.600   1.0000          NULL 
296.9998    1    0.900   1.0000         dur_0
297.8998    0    3.600   1.0000          NULL 
301.4998    2    0.900   1.0000         dur_1
302.3998    0    3.600   1.0000          NULL 
305.9998   11    0.900   1.0000        dur_10
306.8998    0    3.600   1.0000          NULL 
310.4998    3    0.900   1.0000         dur_2
311.3998    0    6.300   1.0000          NULL 
317.6998    4    0.900   1.0000         dur_3
318.5998    0    5.400   1.0000          NULL 
