  0.0000   11    0.900   1.0000        dur_10
  0.9000    0    3.600   1.0000          NULL 
  4.5000    3    0.900   1.0000         dur_2
  5.4000    0    4.500   1.0000          NULL 
  9.9000    1    0.900   1.0000         dur_0
 10.8000    0    3.600   1.0000          NULL 
 14.4000    3    0.900   1.0000         dur_2
 15.3000    0    3.600   1.0000          NULL 
 18.9000   10    0.900   1.0000         dur_9
 19.8000    0    3.600   1.0000          NULL 
 23.4000    4    0.900   1.0000         dur_3
 24.3000    0    4.500   1.0000          NULL 
 28.8000    4    0.900   1.0000         dur_3
 29.7000    0    5.400   1.0000          NULL 
 35.1000    2    0.900   1.0000         dur_1
 36.0000    0    3.600   1.0000          NULL 
 39.6000    6    0.900   1.0000         dur_5
 40.5000    0    9.900   1.0000          NULL 
 50.4000    4    0.900   1.0000         dur_3
 51.3000    0    3.600   1.0000          NULL 
 54.9000    5    0.900   1.0000         dur_4
 55.8000    0    7.200   1.0000          NULL 
 63.0000    6    0.900   1.0000         dur_5
 63.9000    0    3.600   1.0000          NULL 
 67.5000    1    0.900   1.0000         dur_0
 68.4000    0    4.500   1.0000          NULL 
 72.9000    5    0.900   1.0000         dur_4
 73.8000    0    5.400   1.0000          NULL 
 79.2000    9    0.900   1.0000         dur_8
 80.1000    0    3.600   1.0000          NULL 
 83.7000    5    0.900   1.0000         dur_4
 84.6000    0    4.500   1.0000          NULL 
 89.1000   10    0.900   1.0000         dur_9
 90.0000    0    3.600   1.0000          NULL 
 93.6000    7    0.900   1.0000         dur_6
 94.5000    0    5.400   1.0000          NULL 
 99.9000    3    0.900   1.0000         dur_2
100.8000    0    3.600   1.0000          NULL 
104.4000    2    0.900   1.0000         dur_1
105.3000    0    8.100   1.0000          NULL 
113.4000    8    0.900   1.0000         dur_7
114.3000    0    6.300   1.0000          NULL 
120.6000    7    0.900   1.0000         dur_6
121.5000    0    7.200   1.0000          NULL 
128.7000    6    0.900   1.0000         dur_5
129.6000    0    3.600   1.0000          NULL 
133.2000    9    0.900   1.0000         dur_8
134.1000    0    3.600   1.0000          NULL 
137.7000    9    0.900   1.0000         dur_8
138.6000    0    3.600   1.0000          NULL 
142.2000   10    0.900   1.0000         dur_9
143.1000    0    3.600   1.0000          NULL 
146.7000   11    0.900   1.0000        dur_10
147.6000    0    3.600   1.0000          NULL 
151.2000    1    0.900   1.0000         dur_0
152.1000    0    7.200   1.0000          NULL 
159.3000    8    0.900   1.0000         dur_7
160.2000    0    5.400   1.0000          NULL 
165.6000    4    0.900   1.0000         dur_3
166.5000    0    4.500   1.0000          NULL 
171.0000    7    0.900   1.0000         dur_6
171.9000    0    3.600   1.0000          NULL 
175.5000    7    0.900   1.0000         dur_6
176.4000    0    5.400   1.0000          NULL 
181.8000    1    0.900   1.0000         dur_0
182.7000    0    3.600   1.0000          NULL 
186.3000    9    0.900   1.0000         dur_8
187.2000    0    5.400   1.0000          NULL 
192.6000    1    0.900   1.0000         dur_0
193.5000    0    4.500   1.0000          NULL 
198.0000   11    0.900   1.0000        dur_10
198.9000    0    4.500   1.0000          NULL 
203.4000    8    0.900   1.0000         dur_7
204.3000    0    3.600   1.0000          NULL 
207.9000    8    0.900   1.0000         dur_7
208.8000    0    4.500   1.0000          NULL 
213.3000    9    0.900   1.0000         dur_8
214.2000    0    3.600   1.0000          NULL 
217.8000    6    0.900   1.0000         dur_5
218.7000    0    5.400   1.0000          NULL 
224.0999   11    0.900   1.0000        dur_10
224.9999    0    9.000   1.0000          NULL 
233.9999   10    0.900   1.0000         dur_9
234.8999    0    3.600   1.0000          NULL 
238.4999    6    0.900   1.0000         dur_5
239.3999    0    3.600   1.0000          NULL 
242.9999    8    0.900   1.0000         dur_7
243.8999    0    3.600   1.0000          NULL 
247.4999    3    0.900   1.0000         dur_2
248.3999    0    6.300   1.0000          NULL 
254.6999   11    0.900   1.0000        dur_10
255.5999    0    5.400   1.0000          NULL 
260.9999    2    0.900   1.0000         dur_1
261.8999    0    5.400   1.0000          NULL 
267.2999    5    0.900   1.0000         dur_4
268.1999    0    3.600   1.0000          NULL 
271.7999    2    0.900   1.0000         dur_1
272.6999    0    4.500   1.0000          NULL 
277.1999    1    0.900   1.0000         dur_0
278.0999    0    8.100   1.0000          NULL 
286.1998    7    0.900   1.0000         dur_6
287.0998    0    3.600   1.0000          NULL 
290.6998    1    0.900   1.0000         dur_0
291.5998    0    3.600   1.0000          NULL 
295.1998    1    0.900   1.0000         dur_0
296.0998    0    3.600   1.0000          NULL 
299.6998    2    0.900   1.0000         dur_1
300.5998    0    3.600   1.0000          NULL 
304.1998    3    0.900   1.0000         dur_2
305.0998    0    4.500   1.0000          NULL 
309.5998    4    0.900   1.0000         dur_3
310.4998    0    4.500   1.0000          NULL 
314.9998   10    0.900   1.0000         dur_9
315.8998    0    3.600   1.0000          NULL 
319.4998    5    0.900   1.0000         dur_4
320.3998    0    3.600   1.0000          NULL 
