  0.0000    8    0.900   1.0000         dur_7
  0.9000    0    3.600   1.0000          NULL 
  4.5000    1    0.900   1.0000         dur_0
  5.4000    0    5.400   1.0000          NULL 
 10.8000    8    0.900   1.0000         dur_7
 11.7000    0    6.300   1.0000          NULL 
 18.0000    5    0.900   1.0000         dur_4
 18.9000    0    3.600   1.0000          NULL 
 22.5000    4    0.900   1.0000         dur_3
 23.4000    0    3.600   1.0000          NULL 
 27.0000    6    0.900   1.0000         dur_5
 27.9000    0    5.400   1.0000          NULL 
 33.3000    2    0.900   1.0000         dur_1
 34.2000    0    5.400   1.0000          NULL 
 39.6000   10    0.900   1.0000         dur_9
 40.5000    0    4.500   1.0000          NULL 
 45.0000    9    0.900   1.0000         dur_8
 45.9000    0    3.600   1.0000          NULL 
 49.5000    9    0.900   1.0000         dur_8
 50.4000    0    4.500   1.0000          NULL 
 54.9000    4    0.900   1.0000         dur_3
 55.8000    0    3.600   1.0000          NULL 
 59.4000   11    0.900   1.0000        dur_10
 60.3000    0    6.300   1.0000          NULL 
 66.6000   11    0.900   1.0000        dur_10
 67.5000    0    8.100   1.0000          NULL 
 75.6000    3    0.900   1.0000         dur_2
 76.5000    0    4.500   1.0000          NULL 
 81.0000    5    0.900   1.0000         dur_4
 81.9000    0    3.600   1.0000          NULL 
 85.5000    7    0.900   1.0000         dur_6
 86.4000    0    4.500   1.0000          NULL 
 90.9000   10    0.900   1.0000         dur_9
 91.8000    0    3.600   1.0000          NULL 
 95.4000    1    0.900   1.0000         dur_0
 96.3000    0    3.600   1.0000          NULL 
 99.9000    9    0.900   1.0000         dur_8
100.8000    0    5.400   1.0000          NULL 
106.2000   11    0.900   1.0000        dur_10
107.1000    0    5.400   1.0000          NULL 
112.5000    6    0.900   1.0000         dur_5
113.4000    0    3.600   1.0000          NULL 
117.0000    5    0.900   1.0000         dur_4
117.9000    0    5.400   1.0000          NULL 
123.3000    3    0.900   1.0000         dur_2
124.2000    0    4.500   1.0000          NULL 
128.7000    1    0.900   1.0000         dur_0
129.6000    0    6.300   1.0000          NULL 
135.9000    7    0.900   1.0000         dur_6
136.8000    0    9.000   1.0000          NULL 
145.8000    4    0.900   1.0000         dur_3
146.7000    0    3.600   1.0000          NULL 
150.3000    3    0.900   1.0000         dur_2
151.2000    0    3.600   1.0000          NULL 
154.8000    5    0.900   1.0000         dur_4
155.7000    0    3.600   1.0000          NULL 
159.3000    1    0.900   1.0000         dur_0
160.2000    0    3.600   1.0000          NULL 
163.8000    7    0.900   1.0000         dur_6
164.7000    0    3.600   1.0000          NULL 
168.3000    1    0.900   1.0000         dur_0
169.2000    0    3.600   1.0000          NULL 
172.8000    8    0.900   1.0000         dur_7
173.7000    0    6.300   1.0000          NULL 
180.0000    4    0.900   1.0000         dur_3
180.8999    0    9.000   1.0000          NULL 
189.8999    2    0.900   1.0000         dur_1
190.7999    0    3.600   1.0000          NULL 
194.3999    3    0.900   1.0000         dur_2
195.2999    0    4.500   1.0000          NULL 
199.7999   10    0.900   1.0000         dur_9
200.6999    0    3.600   1.0000          NULL 
204.2999    4    0.900   1.0000         dur_3
205.1999    0    3.600   1.0000          NULL 
208.7999    1    0.900   1.0000         dur_0
209.6999    0    3.600   1.0000          NULL 
213.2999    2    0.900   1.0000         dur_1
214.1999    0    3.600   1.0000          NULL 
217.7999    7    0.900   1.0000         dur_6
218.6999    0    8.100   1.0000          NULL 
226.7999    9    0.900   1.0000         dur_8
227.6999    0    3.600   1.0000          NULL 
231.2999    2    0.900   1.0000         dur_1
232.1999    0    3.600   1.0000          NULL 
235.7999    2    0.900   1.0000         dur_1
236.6999    0    5.400   1.0000          NULL 
242.0999   11    0.900   1.0000        dur_10
242.9999    0    3.600   1.0000          NULL 
246.5999   10    0.900   1.0000         dur_9
247.4999    0    5.400   1.0000          NULL 
252.8999    6    0.900   1.0000         dur_5
253.7999    0    7.200   1.0000          NULL 
260.9998    8    0.900   1.0000         dur_7
261.8998    0    3.600   1.0000          NULL 
265.4998    6    0.900   1.0000         dur_5
266.3998    0    5.400   1.0000          NULL 
271.7998    6    0.900   1.0000         dur_5
272.6998    0    3.600   1.0000          NULL 
276.2998    7    0.900   1.0000         dur_6
277.1998    0    3.600   1.0000          NULL 
280.7998    5    0.900   1.0000         dur_4
281.6998    0    3.600   1.0000          NULL 
285.2998    8    0.900   1.0000         dur_7
286.1998    0    6.300   1.0000          NULL 
292.4998   10    0.900   1.0000         dur_9
293.3998    0    3.600   1.0000          NULL 
296.9998    3    0.900   1.0000         dur_2
297.8998    0    6.300   1.0000          NULL 
304.1998   11    0.900   1.0000        dur_10
305.0998    0    3.600   1.0000          NULL 
308.6998    9    0.900   1.0000         dur_8
309.5998    0    3.600   1.0000          NULL 
313.1998    1    0.900   1.0000         dur_0
314.0998    0    5.400   1.0000          NULL 
319.4998    1    0.900   1.0000         dur_0
320.3997    0    3.600   1.0000          NULL 
