  0.0000    7    0.900   1.0000         dur_6
  0.9000    0    3.600   1.0000          NULL 
  4.5000    5    0.900   1.0000         dur_4
  5.4000    0    3.600   1.0000          NULL 
  9.0000    1    0.900   1.0000         dur_0
  9.9000    0    4.500   1.0000          NULL 
 14.4000   11    0.900   1.0000        dur_10
 15.3000    0    3.600   1.0000          NULL 
 18.9000    1    0.900   1.0000         dur_0
 19.8000    0    8.100   1.0000          NULL 
 27.9000   10    0.900   1.0000         dur_9
 28.8000    0    5.400   1.0000          NULL 
 34.2000    2    0.900   1.0000         dur_1
 35.1000    0    3.600   1.0000          NULL 
 38.7000    5    0.900   1.0000         dur_4
 39.6000    0    3.600   1.0000          NULL 
 43.2000   11    0.900   1.0000        dur_10
 44.1000    0    7.200   1.0000          NULL 
 51.3000    5    0.900   1.0000         dur_4
 52.2000    0    3.600   1.0000          NULL 
 55.8000   10    0.900   1.0000         dur_9
 56.7000    0    3.600   1.0000          NULL 
 60.3000    3    0.900   1.0000         dur_2
 61.2000    0    6.300   1.0000          NULL 
 67.5000    3    0.900   1.0000         dur_2
 68.4000    0    3.600   1.0000          NULL 
 72.0000   11    0.900   1.0000        dur_10
 72.9000    0    6.300   1.0000          NULL 
 79.2000    3    0.900   1.0000         dur_2
 80.1000    0    4.500   1.0000          NULL 
 84.6000    4    0.900   1.0000         dur_3
 85.5000    0    3.600   1.0000          NULL 
 89.1000    7    0.900   1.0000         dur_6
 90.0000    0    4.500   1.0000          NULL 
 94.5000    1    0.900   1.0000         dur_0
 95.4000    0    3.600   1.0000          NULL 
 99.0000    2    0.900   1.0000         dur_1
 99.9000    0    3.600   1.0000          NULL 
103.5000    7    0.900   1.0000         dur_6
104.4000    0    4.500   1.0000          NULL 
108.9000    8    0.900   1.0000         dur_7
109.8000    0    4.500   1.0000          NULL 
114.3000    6    0.900   1.0000         dur_5
115.2000    0    5.400   1.0000          NULL 
120.6000    9    0.900   1.0000         dur_8
121.5000    0    3.600   1.0000          NULL 
125.1000   11    0.900   1.0000        dur_10
126.0000    0    5.400   1.0000          NULL 
131.4000    2    0.900   1.0000         dur_1
132.3000    0    6.300   1.0000          NULL 
138.6000    8    0.900   1.0000         dur_7
139.5000    0    5.400   1.0000          NULL 
144.9000    3    0.900   1.0000         dur_2
145.8000    0    6.300   1.0000          NULL 
152.1000    2    0.900   1.0000         dur_1
153.0000    0    9.000   1.0000          NULL 
161.9999    6    0.900   1.0000         dur_5
162.8999    0    3.600   1.0000          NULL 
166.4999    6    0.900   1.0000         dur_5
167.3999    0    3.600   1.0000          NULL 
170.9999    7    0.900   1.0000         dur_6
171.8999    0    8.100   1.0000          NULL 
179.9999   11    0.900   1.0000        dur_10
180.8999    0    3.600   1.0000          NULL 
184.4999    8    0.900   1.0000         dur_7
185.3999    0    3.600   1.0000          NULL 
188.9999    5    0.900   1.0000         dur_4
189.8999    0    5.400   1.0000          NULL 
195.2999    1    0.900   1.0000         dur_0
196.1999    0    3.600   1.0000          NULL 
199.7999    1    0.900   1.0000         dur_0
200.6999    0    4.500   1.0000          NULL 
205.1999    8    0.900   1.0000         dur_7
206.0999    0    3.600   1.0000          NULL 
209.6999    2    0.900   1.0000         dur_1
210.5999    0    3.600   1.0000          NULL 
214.1999   10    0.900   1.0000         dur_9
215.0999    0    6.300   1.0000          NULL 
221.3999   10    0.900   1.0000         dur_9
222.2999    0    9.000   1.0000          NULL 
231.2998    1    0.900   1.0000         dur_0
232.1998    0    3.600   1.0000          NULL 
235.7998    9    0.900   1.0000         dur_8
236.6998    0    6.300   1.0000          NULL 
242.9998    8    0.900   1.0000         dur_7
243.8998    0    3.600   1.0000          NULL 
247.4998    9    0.900   1.0000         dur_8
248.3998    0    3.600   1.0000          NULL 
251.9998    1    0.900   1.0000         dur_0
252.8998    0    3.600   1.0000          NULL 
256.4998    7    0.900   1.0000         dur_6
257.3998    0    3.600   1.0000          NULL 
260.9998   10    0.900   1.0000         dur_9
261.8998    0    3.600   1.0000          NULL 
265.4998    5    0.900   1.0000         dur_4
266.3998    0    3.600   1.0000          NULL 
269.9998    3    0.900   1.0000         dur_2
270.8998    0    4.500   1.0000          NULL 
275.3998    9    0.900   1.0000         dur_8
276.2998    0    4.500   1.0000          NULL 
280.7998    6    0.900   1.0000         dur_5
281.6998    0    3.600   1.0000          NULL 
285.2998    4    0.900   1.0000         dur_3
286.1998    0    4.500   1.0000          NULL 
290.6998    1    0.900   1.0000         dur_0
291.5998    0    3.600   1.0000          NULL 
295.1998    4    0.900   1.0000         dur_3
296.0998    0    4.500   1.0000          NULL 
300.5998    6    0.900   1.0000         dur_5
301.4998    0    3.600   1.0000          NULL 
305.0998    9    0.900   1.0000         dur_8
305.9998    0    7.200   1.0000          NULL 
313.1998    4    0.900   1.0000         dur_3
314.0998    0    3.600   1.0000          NULL 
317.6998    4    0.900   1.0000         dur_3
318.5998    0    5.400   1.0000          NULL 
