  0.0000    8    0.900   1.0000         dur_7
  0.9000    0    3.600   1.0000          NULL 
  4.5000   11    0.900   1.0000        dur_10
  5.4000    0    6.300   1.0000          NULL 
 11.7000    8    0.900   1.0000         dur_7
 12.6000    0    4.500   1.0000          NULL 
 17.1000    1    0.900   1.0000         dur_0
 18.0000    0    3.600   1.0000          NULL 
 21.6000    7    0.900   1.0000         dur_6
 22.5000    0    4.500   1.0000          NULL 
 27.0000   11    0.900   1.0000        dur_10
 27.9000    0    3.600   1.0000          NULL 
 31.5000    4    0.900   1.0000         dur_3
 32.4000    0    5.400   1.0000          NULL 
 37.8000    9    0.900   1.0000         dur_8
 38.7000    0    3.600   1.0000          NULL 
 42.3000    2    0.900   1.0000         dur_1
 43.2000    0    3.600   1.0000          NULL 
 46.8000   10    0.900   1.0000         dur_9
 47.7000    0    4.500   1.0000          NULL 
 52.2000    6    0.900   1.0000         dur_5
 53.1000    0    9.900   1.0000          NULL 
 63.0000    9    0.900   1.0000         dur_8
 63.9000    0    5.400   1.0000          NULL 
 69.3000    7    0.900   1.0000         dur_6
 70.2000    0    3.600   1.0000          NULL 
 73.8000    4    0.900   1.0000         dur_3
 74.7000    0    5.400   1.0000          NULL 
 80.1000    2    0.900   1.0000         dur_1
 81.0000    0    3.600   1.0000          NULL 
 84.6000    1    0.900   1.0000         dur_0
 85.5000    0    3.600   1.0000          NULL 
 89.1000    1    0.900   1.0000         dur_0
 90.0000    0    3.600   1.0000          NULL 
 93.6000    8    0.900   1.0000         dur_7
 94.5000    0    3.600   1.0000          NULL 
 98.1000    4    0.900   1.0000         dur_3
 99.0000    0    3.600   1.0000          NULL 
102.6000    8    0.900   1.0000         dur_7
103.5000    0    9.900   1.0000          NULL 
113.4000    6    0.900   1.0000         dur_5
114.3000    0    3.600   1.0000          NULL 
117.9000    8    0.900   1.0000         dur_7
118.8000    0    7.200   1.0000          NULL 
126.0000    6    0.900   1.0000         dur_5
126.9000    0    4.500   1.0000          NULL 
131.4000    4    0.900   1.0000         dur_3
132.3000    0    3.600   1.0000          NULL 
135.9000   10    0.900   1.0000         dur_9
136.8000    0    3.600   1.0000          NULL 
140.4000    7    0.900   1.0000         dur_6
141.3000    0    7.200   1.0000          NULL 
148.5000    2    0.900   1.0000         dur_1
149.4000    0    3.600   1.0000          NULL 
153.0000   11    0.900   1.0000        dur_10
153.9000    0    4.500   1.0000          NULL 
158.4000    7    0.900   1.0000         dur_6
159.3000    0    3.600   1.0000          NULL 
162.9000    7    0.900   1.0000         dur_6
163.8000    0    3.600   1.0000          NULL 
167.4000    5    0.900   1.0000         dur_4
168.3000    0    7.200   1.0000          NULL 
175.5000   10    0.900   1.0000         dur_9
176.4000    0    4.500   1.0000          NULL 
180.9000    5    0.900   1.0000         dur_4
181.8000    0    3.600   1.0000          NULL 
185.4000    3    0.900   1.0000         dur_2
186.3000    0    3.600   1.0000          NULL 
189.9000    9    0.900   1.0000         dur_8
190.8000    0    4.500   1.0000          NULL 
195.3000   10    0.900   1.0000         dur_9
196.2000    0    8.100   1.0000          NULL 
204.2999    3    0.900   1.0000         dur_2
205.1999    0    6.300   1.0000          NULL 
211.4999   11    0.900   1.0000        dur_10
212.3999    0    4.500   1.0000          NULL 
216.8999   10    0.900   1.0000         dur_9
217.7999    0    4.500   1.0000          NULL 
222.2999    3    0.900   1.0000         dur_2
223.1999    0    3.600   1.0000          NULL 
226.7999    4    0.900   1.0000         dur_3
227.6999    0    5.400   1.0000          NULL 
233.0999    1    0.900   1.0000         dur_0
233.9999    0    4.500   1.0000          NULL 
238.4999    5    0.900   1.0000         dur_4
239.3999    0    3.600   1.0000          NULL 
242.9999    9    0.900   1.0000         dur_8
243.8999    0    7.200   1.0000          NULL 
251.0999    3    0.900   1.0000         dur_2
251.9999    0    4.500   1.0000          NULL 
256.4999    1    0.900   1.0000         dur_0
257.3999    0    3.600   1.0000          NULL 
260.9999    2    0.900   1.0000         dur_1
261.8999    0    3.600   1.0000          NULL 
265.4999    9    0.900   1.0000         dur_8
266.3999    0    3.600   1.0000          NULL 
269.9999    5    0.900   1.0000         dur_4
270.8999    0    3.600   1.0000          NULL 
274.4999    2    0.900   1.0000         dur_1
275.3999    0    3.600   1.0000          NULL 
278.9999    6    0.900   1.0000         dur_5
279.8999    0    3.600   1.0000          NULL 
283.4999    1    0.900   1.0000         dur_0
284.3999    0    3.600   1.0000          NULL 
287.9999   11    0.900   1.0000        dur_10
288.8999    0    3.600   1.0000          NULL 
292.4999    1    0.900   1.0000         dur_0
293.3999    0    3.600   1.0000          NULL 
296.9999    3    0.900   1.0000         dur_2
297.8999    0    3.600   1.0000          NULL 
301.4999    5    0.900   1.0000         dur_4
302.3999    0    3.600   1.0000          NULL 
305.9999    1    0.900   1.0000         dur_0
306.8999    0    5.400   1.0000          NULL 
312.2999    6    0.900   1.0000         dur_5
313.1999    0   10.800   1.0000          NULL 
