  0.0000    1    0.900   1.0000         dur_0
  0.9000    0    5.400   1.0000          NULL 
  6.3000    2    0.900   1.0000         dur_1
  7.2000    0    3.600   1.0000          NULL 
 10.8000    6    0.900   1.0000         dur_5
 11.7000    0    3.600   1.0000          NULL 
 15.3000    8    0.900   1.0000         dur_7
 16.2000    0    3.600   1.0000          NULL 
 19.8000    1    0.900   1.0000         dur_0
 20.7000    0    3.600   1.0000          NULL 
 24.3000    4    0.900   1.0000         dur_3
 25.2000    0    5.400   1.0000          NULL 
 30.6000    3    0.900   1.0000         dur_2
 31.5000    0    6.300   1.0000          NULL 
 37.8000    4    0.900   1.0000         dur_3
 38.7000    0    3.600   1.0000          NULL 
 42.3000    7    0.900   1.0000         dur_6
 43.2000    0    5.400   1.0000          NULL 
 48.6000    5    0.900   1.0000         dur_4
 49.5000    0    3.600   1.0000          NULL 
 53.1000   11    0.900   1.0000        dur_10
 54.0000    0    3.600   1.0000          NULL 
 57.6000    4    0.900   1.0000         dur_3
 58.5000    0    4.500   1.0000          NULL 
 63.0000    1    0.900   1.0000         dur_0
 63.9000    0    5.400   1.0000          NULL 
 69.3000    1    0.900   1.0000         dur_0
 70.2000    0    4.500   1.0000          NULL 
 74.7000   11    0.900   1.0000        dur_10
 75.6000    0    3.600   1.0000          NULL 
 79.2000    9    0.900   1.0000         dur_8
 80.1000    0    8.100   1.0000          NULL 
 88.2000    9    0.900   1.0000         dur_8
 89.1000    0    3.600   1.0000          NULL 
 92.7000    2    0.900   1.0000         dur_1
 93.6000    0    5.400   1.0000          NULL 
 99.0000    2    0.900   1.0000         dur_1
 99.9000    0    3.600   1.0000          NULL 
103.5000    4    0.900   1.0000         dur_3
104.4000    0    5.400   1.0000          NULL 
109.8000    5    0.900   1.0000         dur_4
110.7000    0    4.500   1.0000          NULL 
115.2000    3    0.900   1.0000         dur_2
116.1000    0    8.100   1.0000          NULL 
124.2000    5    0.900   1.0000         dur_4
125.1000    0    3.600   1.0000          NULL 
128.7000    1    0.900   1.0000         dur_0
129.6000    0    3.600   1.0000          NULL 
133.2000    8    0.900   1.0000         dur_7
134.1000    0    3.600   1.0000          NULL 
137.7000    7    0.900   1.0000         dur_6
138.6000    0    8.100   1.0000          NULL 
146.7000    7    0.900   1.0000         dur_6
147.6000    0    4.500   1.0000          NULL 
152.1000    9    0.900   1.0000         dur_8
153.0000    0    3.600   1.0000          NULL 
156.6000    1    0.900   1.0000         dur_0
157.5000    0    4.500   1.0000          NULL 
162.0000    7    0.900   1.0000         dur_6
162.9000    0    3.600   1.0000          NULL 
166.5000    6    0.900   1.0000         dur_5
167.4000    0    5.400   1.0000          NULL 
172.8000    3    0.900   1.0000         dur_2
173.7000    0    3.600   1.0000          NULL 
177.3000   10    0.900   1.0000         dur_9
178.2000    0    8.100   1.0000          NULL 
186.3000    8    0.900   1.0000         dur_7
187.2000    0    4.500   1.0000          NULL 
191.7000    8    0.900   1.0000         dur_7
192.5999    0    3.600   1.0000          NULL 
196.2000    6    0.900   1.0000         dur_5
197.0999    0    3.600   1.0000          NULL 
200.7000    5    0.900   1.0000         dur_4
201.5999    0    3.600   1.0000          NULL 
205.2000   10    0.900   1.0000         dur_9
206.0999    0    3.600   1.0000          NULL 
209.7000    5    0.900   1.0000         dur_4
210.5999    0    3.600   1.0000          NULL 
214.2000    6    0.900   1.0000         dur_5
215.0999    0    4.500   1.0000          NULL 
219.5999    3    0.900   1.0000         dur_2
220.4999    0    3.600   1.0000          NULL 
224.0999    9    0.900   1.0000         dur_8
224.9999    0    5.400   1.0000          NULL 
230.3999    9    0.900   1.0000         dur_8
231.2999    0    6.300   1.0000          NULL 
237.5999    7    0.900   1.0000         dur_6
238.4999    0    3.600   1.0000          NULL 
242.0999    4    0.900   1.0000         dur_3
242.9999    0    3.600   1.0000          NULL 
246.5999    8    0.900   1.0000         dur_7
247.4999    0    8.100   1.0000          NULL 
255.5999    1    0.900   1.0000         dur_0
256.4999    0    3.600   1.0000          NULL 
260.0999    3    0.900   1.0000         dur_2
260.9999    0    4.500   1.0000          NULL 
265.4999    2    0.900   1.0000         dur_1
266.3999    0    5.400   1.0000          NULL 
271.7999   11    0.900   1.0000        dur_10
272.6999    0    4.500   1.0000          NULL 
277.1999    2    0.900   1.0000         dur_1
278.0999    0    4.500   1.0000          NULL 
282.5999   10    0.900   1.0000         dur_9
283.4998    0    3.600   1.0000          NULL 
287.0999   10    0.900   1.0000         dur_9
287.9998    0    3.600   1.0000          NULL 
291.5999   11    0.900   1.0000        dur_10
292.4998    0    5.400   1.0000          NULL 
297.8998   10    0.900   1.0000         dur_9
298.7998    0    5.400   1.0000          NULL 
304.1998    1    0.900   1.0000         dur_0
305.0998    0    4.500   1.0000          NULL 
309.5998    6    0.900   1.0000         dur_5
310.4998    0    3.600   1.0000          NULL 
314.0998   11    0.900   1.0000        dur_10
314.9998    0    9.000   1.0000          NULL 
