  0.0000    8    0.900   1.0000         dur_7
  0.9000    0    3.600   1.0000          NULL 
  4.5000    3    0.900   1.0000         dur_2
  5.4000    0    3.600   1.0000          NULL 
  9.0000    2    0.900   1.0000         dur_1
  9.9000    0    3.600   1.0000          NULL 
 13.5000    7    0.900   1.0000         dur_6
 14.4000    0    3.600   1.0000          NULL 
 18.0000    5    0.900   1.0000         dur_4
 18.9000    0    5.400   1.0000          NULL 
 24.3000    5    0.900   1.0000         dur_4
 25.2000    0    3.600   1.0000          NULL 
 28.8000   11    0.900   1.0000        dur_10
 29.7000    0    3.600   1.0000          NULL 
 33.3000    8    0.900   1.0000         dur_7
 34.2000    0    5.400   1.0000          NULL 
 39.6000    1    0.900   1.0000         dur_0
 40.5000    0    3.600   1.0000          NULL 
 44.1000    1    0.900   1.0000         dur_0
 45.0000    0    3.600   1.0000          NULL 
 48.6000    9    0.900   1.0000         dur_8
 49.5000    0    3.600   1.0000          NULL 
 53.1000    2    0.900   1.0000         dur_1
 54.0000    0    6.300   1.0000          NULL 
 60.3000    2    0.900   1.0000         dur_1
 61.2000    0    5.400   1.0000          NULL 
 66.6000    9    0.900   1.0000         dur_8
 67.5000    0    4.500   1.0000          NULL 
 72.0000    6    0.900   1.0000         dur_5
 72.9000    0    6.300   1.0000          NULL 
 79.2000   10    0.900   1.0000         dur_9
 80.1000    0    5.400   1.0000          NULL 
 85.5000    4    0.900   1.0000         dur_3
 86.4000    0    3.600   1.0000          NULL 
 90.0000    4    0.900   1.0000         dur_3
 90.9000    0    3.600   1.0000          NULL 
 94.5000    6    0.900   1.0000         dur_5
 95.4000    0    4.500   1.0000          NULL 
 99.9000    1    0.900   1.0000         dur_0
100.8000    0    3.600   1.0000          NULL 
104.4000    3    0.900   1.0000         dur_2
105.3000    0    6.300   1.0000          NULL 
111.6000    4    0.900   1.0000         dur_3
112.5000    0    7.200   1.0000          NULL 
119.7000    1    0.900   1.0000         dur_0
120.6000    0    3.600   1.0000          NULL 
124.2000   10    0.900   1.0000         dur_9
125.1000    0    3.600   1.0000          NULL 
128.7000    2    0.900   1.0000         dur_1
129.6000    0    5.400   1.0000          NULL 
135.0000    6    0.900   1.0000         dur_5
135.9000    0    4.500   1.0000          NULL 
140.4000    5    0.900   1.0000         dur_4
141.3000    0    5.400   1.0000          NULL 
146.7000    7    0.900   1.0000         dur_6
147.6000    0    3.600   1.0000          NULL 
151.2000    7    0.900   1.0000         dur_6
152.1000    0    3.600   1.0000          NULL 
155.7000    6    0.900   1.0000         dur_5
156.6000    0    4.500   1.0000          NULL 
161.1000    3    0.900   1.0000         dur_2
162.0000    0    3.600   1.0000          NULL 
165.6000    8    0.900   1.0000         dur_7
166.5000    0    7.200   1.0000          NULL 
173.7000    5    0.900   1.0000         dur_4
174.6000    0    5.400   1.0000          NULL 
180.0000    2    0.900   1.0000         dur_1
180.9000    0    4.500   1.0000          NULL 
185.4000    1    0.900   1.0000         dur_0
186.3000    0    7.200   1.0000          NULL 
193.4999    1    0.900   1.0000         dur_0
194.3999    0    9.000   1.0000          NULL 
203.3999    6    0.900   1.0000         dur_5
204.2999    0    3.600   1.0000          NULL 
207.8999   11    0.900   1.0000        dur_10
208.7999    0    8.100   1.0000          NULL 
216.8999    9    0.900   1.0000         dur_8
217.7999    0    3.600   1.0000          NULL 
221.3999    9    0.900   1.0000         dur_8
222.2999    0    4.500   1.0000          NULL 
226.7999    5    0.900   1.0000         dur_4
227.6999    0    3.600   1.0000          NULL 
231.2999    1    0.900   1.0000         dur_0
232.1999    0    3.600   1.0000          NULL 
235.7999    4    0.900   1.0000         dur_3
236.6999    0    8.100   1.0000          NULL 
244.7998   11    0.900   1.0000        dur_10
245.6998    0    3.600   1.0000          NULL 
249.2998   10    0.900   1.0000         dur_9
250.1998    0    3.600   1.0000          NULL 
253.7998    8    0.900   1.0000         dur_7
254.6998    0    3.600   1.0000          NULL 
258.2998   10    0.900   1.0000         dur_9
259.1998    0    6.300   1.0000          NULL 
265.4998   10    0.900   1.0000         dur_9
266.3998    0    4.500   1.0000          NULL 
270.8998   11    0.900   1.0000        dur_10
271.7998    0    4.500   1.0000          NULL 
276.2998    7    0.900   1.0000         dur_6
277.1998    0    4.500   1.0000          NULL 
281.6998    8    0.900   1.0000         dur_7
282.5998    0    3.600   1.0000          NULL 
286.1998    9    0.900   1.0000         dur_8
287.0998    0    5.400   1.0000          NULL 
292.4998    3    0.900   1.0000         dur_2
293.3998    0    3.600   1.0000          NULL 
296.9998    3    0.900   1.0000         dur_2
297.8998    0    6.300   1.0000          NULL 
304.1998   11    0.900   1.0000        dur_10
305.0998    0    4.500   1.0000          NULL 
309.5998    4    0.900   1.0000         dur_3
310.4998    0    3.600   1.0000          NULL 
314.0998    7    0.900   1.0000         dur_6
314.9998    0    4.500   1.0000          NULL 
319.4998    1    0.900   1.0000         dur_0
320.3997    0    3.600   1.0000          NULL 
