  0.0000    8    0.900   1.0000         dur_7
  0.9000    0    3.600   1.0000          NULL 
  4.5000    7    0.900   1.0000         dur_6
  5.4000    0    3.600   1.0000          NULL 
  9.0000    9    0.900   1.0000         dur_8
  9.9000    0    7.200   1.0000          NULL 
 17.1000    1    0.900   1.0000         dur_0
 18.0000    0    5.400   1.0000          NULL 
 23.4000    9    0.900   1.0000         dur_8
 24.3000    0    3.600   1.0000          NULL 
 27.9000    9    0.900   1.0000         dur_8
 28.8000    0    8.100   1.0000          NULL 
 36.9000    2    0.900   1.0000         dur_1
 37.8000    0    3.600   1.0000          NULL 
 41.4000    4    0.900   1.0000         dur_3
 42.3000    0    3.600   1.0000          NULL 
 45.9000    1    0.900   1.0000         dur_0
 46.8000    0    3.600   1.0000          NULL 
 50.4000    4    0.900   1.0000         dur_3
 51.3000    0    3.600   1.0000          NULL 
 54.9000    4    0.900   1.0000         dur_3
 55.8000    0    6.300   1.0000          NULL 
 62.1000    8    0.900   1.0000         dur_7
 63.0000    0    7.200   1.0000          NULL 
 70.2000    3    0.900   1.0000         dur_2
 71.1000    0    3.600   1.0000          NULL 
 74.7000    1    0.900   1.0000         dur_0
 75.6000    0    7.200   1.0000          NULL 
 82.8000    5    0.900   1.0000         dur_4
 83.7000    0    3.600   1.0000          NULL 
 87.3000    5    0.900   1.0000         dur_4
 88.2000    0    3.600   1.0000          NULL 
 91.8000   11    0.900   1.0000        dur_10
 92.7000    0    7.200   1.0000          NULL 
 99.9000    4    0.900   1.0000         dur_3
100.8000    0    3.600   1.0000          NULL 
104.4000    9    0.900   1.0000         dur_8
105.3000    0    3.600   1.0000          NULL 
108.9000    8    0.900   1.0000         dur_7
109.8000    0    5.400   1.0000          NULL 
115.2000    6    0.900   1.0000         dur_5
116.1000    0    3.600   1.0000          NULL 
119.7000    5    0.900   1.0000         dur_4
120.6000    0    8.100   1.0000          NULL 
128.7000    3    0.900   1.0000         dur_2
129.6000    0    3.600   1.0000          NULL 
133.2000    6    0.900   1.0000         dur_5
134.1000    0    3.600   1.0000          NULL 
137.7000    2    0.900   1.0000         dur_1
138.6000    0    6.300   1.0000          NULL 
144.9000    3    0.900   1.0000         dur_2
145.8000    0    3.600   1.0000          NULL 
149.4000   10    0.900   1.0000         dur_9
150.3000    0    3.600   1.0000          NULL 
153.9000    8    0.900   1.0000         dur_7
154.8000    0    3.600   1.0000          NULL 
158.4000    2    0.900   1.0000         dur_1
159.3000    0    4.500   1.0000          NULL 
163.8000    1    0.900   1.0000         dur_0
164.7000    0    5.400   1.0000          NULL 
170.1000    6    0.900   1.0000         dur_5
171.0000    0    3.600   1.0000          NULL 
174.6000    9    0.900   1.0000         dur_8
175.5000    0    3.600   1.0000          NULL 
179.1000    4    0.900   1.0000         dur_3
180.0000    0    5.400   1.0000          NULL 
185.4000   11    0.900   1.0000        dur_10
186.3000    0    4.500   1.0000          NULL 
190.8000    7    0.900   1.0000         dur_6
191.7000    0    5.400   1.0000          NULL 
197.1000   11    0.900   1.0000        dur_10
198.0000    0    7.200   1.0000          NULL 
205.2000   10    0.900   1.0000         dur_9
206.0999    0    3.600   1.0000          NULL 
209.7000    2    0.900   1.0000         dur_1
210.5999    0    4.500   1.0000          NULL 
215.0999    8    0.900   1.0000         dur_7
215.9999    0    3.600   1.0000          NULL 
219.5999   10    0.900   1.0000         dur_9
220.4999    0    4.500   1.0000          NULL 
224.9999   10    0.900   1.0000         dur_9
225.8999    0    3.600   1.0000          NULL 
229.4999    6    0.900   1.0000         dur_5
230.3999    0    6.300   1.0000          NULL 
236.6999    6    0.900   1.0000         dur_5
237.5999    0    3.600   1.0000          NULL 
241.1999   10    0.900   1.0000         dur_9
242.0999    0    3.600   1.0000          NULL 
245.6999   11    0.900   1.0000        dur_10
246.5999    0    4.500   1.0000          NULL 
251.0999    1    0.900   1.0000         dur_0
251.9999    0    3.600   1.0000          NULL 
255.5999    3    0.900   1.0000         dur_2
256.4999    0    4.500   1.0000          NULL 
260.9999    3    0.900   1.0000         dur_2
261.8999    0    9.000   1.0000          NULL 
270.8999    7    0.900   1.0000         dur_6
271.7999    0    4.500   1.0000          NULL 
276.2999    1    0.900   1.0000         dur_0
277.1999    0    3.600   1.0000          NULL 
280.7999   11    0.900   1.0000        dur_10
281.6999    0    4.500   1.0000          NULL 
286.1999    2    0.900   1.0000         dur_1
287.0999    0    5.400   1.0000          NULL 
292.4998    5    0.900   1.0000         dur_4
293.3998    0    5.400   1.0000          NULL 
298.7998    1    0.900   1.0000         dur_0
299.6998    0    3.600   1.0000          NULL 
303.2998    1    0.900   1.0000         dur_0
304.1998    0    4.500   1.0000          NULL 
308.6998    5    0.900   1.0000         dur_4
309.5998    0    3.600   1.0000          NULL 
313.1998    7    0.900   1.0000         dur_6
314.0998    0    4.500   1.0000          NULL 
318.5998    7    0.900   1.0000         dur_6
319.4998    0    4.500   1.0000          NULL 
