  0.0000    7    0.900   1.0000         dur_6
  0.9000    0    3.600   1.0000          NULL 
  4.5000    8    0.900   1.0000         dur_7
  5.4000    0    4.500   1.0000          NULL 
  9.9000    2    0.900   1.0000         dur_1
 10.8000    0    3.600   1.0000          NULL 
 14.4000    3    0.900   1.0000         dur_2
 15.3000    0    4.500   1.0000          NULL 
 19.8000    9    0.900   1.0000         dur_8
 20.7000    0    4.500   1.0000          NULL 
 25.2000   10    0.900   1.0000         dur_9
 26.1000    0    3.600   1.0000          NULL 
 29.7000    9    0.900   1.0000         dur_8
 30.6000    0    3.600   1.0000          NULL 
 34.2000    1    0.900   1.0000         dur_0
 35.1000    0    4.500   1.0000          NULL 
 39.6000    1    0.900   1.0000         dur_0
 40.5000    0    5.400   1.0000          NULL 
 45.9000    2    0.900   1.0000         dur_1
 46.8000    0    3.600   1.0000          NULL 
 50.4000    7    0.900   1.0000         dur_6
 51.3000    0    3.600   1.0000          NULL 
 54.9000    3    0.900   1.0000         dur_2
 55.8000    0    3.600   1.0000          NULL 
 59.4000   11    0.900   1.0000        dur_10
 60.3000    0    3.600   1.0000          NULL 
 63.9000    9    0.900   1.0000         dur_8
 64.8000    0    4.500   1.0000          NULL 
 69.3000    4    0.900   1.0000         dur_3
 70.2000    0    4.500   1.0000          NULL 
 74.7000    4    0.900   1.0000         dur_3
 75.6000    0    6.300   1.0000          NULL 
 81.9000    6    0.900   1.0000         dur_5
 82.8000    0    9.000   1.0000          NULL 
 91.8000   11    0.900   1.0000        dur_10
 92.7000    0    3.600   1.0000          NULL 
 96.3000    4    0.900   1.0000         dur_3
 97.2000    0    3.600   1.0000          NULL 
100.8000    5    0.900   1.0000         dur_4
101.7000    0    3.600   1.0000          NULL 
105.3000    1    0.900   1.0000         dur_0
106.2000    0    3.600   1.0000          NULL 
109.8000    8    0.900   1.0000         dur_7
110.7000    0    3.600   1.0000          NULL 
114.3000    8    0.900   1.0000         dur_7
115.2000    0    3.600   1.0000          NULL 
118.8000   11    0.900   1.0000        dur_10
119.7000    0    3.600   1.0000          NULL 
123.3000    1    0.900   1.0000         dur_0
124.2000    0    4.500   1.0000          NULL 
128.7000    6    0.900   1.0000         dur_5
129.6000    0    3.600   1.0000          NULL 
133.2000    3    0.900   1.0000         dur_2
134.1000    0    6.300   1.0000          NULL 
140.4000    2    0.900   1.0000         dur_1
141.3000    0    4.500   1.0000          NULL 
145.8000    2    0.900   1.0000         dur_1
146.7000    0    4.500   1.0000          NULL 
151.2000    9    0.900   1.0000         dur_8
152.1000    0    3.600   1.0000          NULL 
155.7000    7    0.900   1.0000         dur_6
156.6000    0    8.100   1.0000          NULL 
164.7000    1    0.900   1.0000         dur_0
165.5999    0    3.600   1.0000          NULL 
169.2000    4    0.900   1.0000         dur_3
170.0999    0    3.600   1.0000          NULL 
173.7000    1    0.900   1.0000         dur_0
174.5999    0    4.500   1.0000          NULL 
179.0999   10    0.900   1.0000         dur_9
179.9999    0    9.900   1.0000          NULL 
189.8999    5    0.900   1.0000         dur_4
190.7999    0    3.600   1.0000          NULL 
194.3999    5    0.900   1.0000         dur_4
195.2999    0    6.300   1.0000          NULL 
201.5999    8    0.900   1.0000         dur_7
202.4999    0    3.600   1.0000          NULL 
206.0999    1    0.900   1.0000         dur_0
206.9999    0    3.600   1.0000          NULL 
210.5999    6    0.900   1.0000         dur_5
211.4999    0    5.400   1.0000          NULL 
216.8999    1    0.900   1.0000         dur_0
217.7999    0    6.300   1.0000          NULL 
224.0999    3    0.900   1.0000         dur_2
224.9998    0    3.600   1.0000          NULL 
228.5999    6    0.900   1.0000         dur_5
229.4998    0    4.500   1.0000          NULL 
233.9998    5    0.900   1.0000         dur_4
234.8998    0    3.600   1.0000          NULL 
238.4998   11    0.900   1.0000        dur_10
239.3998    0    5.400   1.0000          NULL 
244.7998    7    0.900   1.0000         dur_6
245.6998    0    5.400   1.0000          NULL 
251.0998    9    0.900   1.0000         dur_8
251.9998    0    3.600   1.0000          NULL 
255.5998    6    0.900   1.0000         dur_5
256.4998    0    3.600   1.0000          NULL 
260.0998    8    0.900   1.0000         dur_7
260.9998    0    8.100   1.0000          NULL 
269.0998    4    0.900   1.0000         dur_3
269.9998    0    3.600   1.0000          NULL 
273.5998   10    0.900   1.0000         dur_9
274.4998    0   10.800   1.0000          NULL 
285.2997   10    0.900   1.0000         dur_9
286.1997    0    3.600   1.0000          NULL 
289.7997    3    0.900   1.0000         dur_2
290.6997    0    4.500   1.0000          NULL 
295.1997   10    0.900   1.0000         dur_9
296.0997    0    3.600   1.0000          NULL 
299.6997   11    0.900   1.0000        dur_10
300.5997    0    6.300   1.0000          NULL 
306.8997    5    0.900   1.0000         dur_4
307.7997    0    5.400   1.0000          NULL 
313.1997    7    0.900   1.0000         dur_6
314.0997    0    3.600   1.0000          NULL 
317.6997    2    0.900   1.0000         dur_1
318.5997    0    5.400   1.0000          NULL 
