  0.0000    1    0.900   1.0000         dur_0
  0.9000    0    3.600   1.0000          NULL 
  4.5000   10    0.900   1.0000         dur_9
  5.4000    0    3.600   1.0000          NULL 
  9.0000    4    0.900   1.0000         dur_3
  9.9000    0    3.600   1.0000          NULL 
 13.5000    3    0.900   1.0000         dur_2
 14.4000    0    5.400   1.0000          NULL 
 19.8000   10    0.900   1.0000         dur_9
 20.7000    0    3.600   1.0000          NULL 
 24.3000    6    0.900   1.0000         dur_5
 25.2000    0    4.500   1.0000          NULL 
 29.7000    6    0.900   1.0000         dur_5
 30.6000    0    3.600   1.0000          NULL 
 34.2000    2    0.900   1.0000         dur_1
 35.1000    0    4.500   1.0000          NULL 
 39.6000    4    0.900   1.0000         dur_3
 40.5000    0    3.600   1.0000          NULL 
 44.1000   11    0.900   1.0000        dur_10
 45.0000    0    4.500   1.0000          NULL 
 49.5000    7    0.900   1.0000         dur_6
 50.4000    0    8.100   1.0000          NULL 
 58.5000   10    0.900   1.0000         dur_9
 59.4000    0    3.600   1.0000          NULL 
 63.0000    8    0.900   1.0000         dur_7
 63.9000    0    4.500   1.0000          NULL 
 68.4000    2    0.900   1.0000         dur_1
 69.3000    0    3.600   1.0000          NULL 
 72.9000    7    0.900   1.0000         dur_6
 73.8000    0    3.600   1.0000          NULL 
 77.4000    2    0.900   1.0000         dur_1
 78.3000    0    3.600   1.0000          NULL 
 81.9000    5    0.900   1.0000         dur_4
 82.8000    0    3.600   1.0000          NULL 
 86.4000    5    0.900   1.0000         dur_4
 87.3000    0    4.500   1.0000          NULL 
 91.8000    8    0.900   1.0000         dur_7
 92.7000    0    3.600   1.0000          NULL 
 96.3000    3    0.900   1.0000         dur_2
 97.2000    0    8.100   1.0000          NULL 
105.3000    8    0.900   1.0000         dur_7
106.2000    0    3.600   1.0000          NULL 
109.8000    9    0.900   1.0000         dur_8
110.7000    0    4.500   1.0000          NULL 
115.2000    4    0.900   1.0000         dur_3
116.1000    0    3.600   1.0000          NULL 
119.7000    6    0.900   1.0000         dur_5
120.6000    0    3.600   1.0000          NULL 
124.2000    4    0.900   1.0000         dur_3
125.1000    0    4.500   1.0000          NULL 
129.6000    7    0.900   1.0000         dur_6
130.5000    0    3.600   1.0000          NULL 
134.1000    5    0.900   1.0000         dur_4
135.0000    0    3.600   1.0000          NULL 
138.6000    7    0.900   1.0000         dur_6
139.5000    0    3.600   1.0000          NULL 
143.1000    6    0.900   1.0000         dur_5
144.0000    0    3.600   1.0000          NULL 
147.6000    9    0.900   1.0000         dur_8
148.5000    0    9.900   1.0000          NULL 
158.4000    8    0.900   1.0000         dur_7
159.3000    0    3.600   1.0000          NULL 
162.9000    1    0.900   1.0000         dur_0
163.8000    0    3.600   1.0000          NULL 
167.4000    3    0.900   1.0000         dur_2
168.3000    0    3.600   1.0000          NULL 
171.9000    5    0.900   1.0000         dur_4
172.8000    0    3.600   1.0000          NULL 
176.4000   11    0.900   1.0000        dur_10
177.3000    0    4.500   1.0000          NULL 
181.8000    1    0.900   1.0000         dur_0
182.7000    0    4.500   1.0000          NULL 
187.2000    1    0.900   1.0000         dur_0
188.1000    0    3.600   1.0000          NULL 
191.7000    5    0.900   1.0000         dur_4
192.6000    0    3.600   1.0000          NULL 
196.2000    1    0.900   1.0000         dur_0
197.1000    0   10.800   1.0000          NULL 
207.8999   11    0.900   1.0000        dur_10
208.7999    0    3.600   1.0000          NULL 
212.3999    6    0.900   1.0000         dur_5
213.2999    0    7.200   1.0000          NULL 
220.4999   11    0.900   1.0000        dur_10
221.3999    0    3.600   1.0000          NULL 
224.9999    9    0.900   1.0000         dur_8
225.8999    0    9.000   1.0000          NULL 
234.8999    1    0.900   1.0000         dur_0
235.7999    0    3.600   1.0000          NULL 
239.3999    4    0.900   1.0000         dur_3
240.2999    0    5.400   1.0000          NULL 
245.6998   11    0.900   1.0000        dur_10
246.5998    0    9.000   1.0000          NULL 
255.5998    2    0.900   1.0000         dur_1
256.4998    0    3.600   1.0000          NULL 
260.0998   10    0.900   1.0000         dur_9
260.9998    0    8.100   1.0000          NULL 
269.0998    9    0.900   1.0000         dur_8
269.9998    0    4.500   1.0000          NULL 
274.4998    7    0.900   1.0000         dur_6
275.3998    0    4.500   1.0000          NULL 
279.8998    1    0.900   1.0000         dur_0
280.7998    0    6.300   1.0000          NULL 
287.0998    8    0.900   1.0000         dur_7
287.9998    0    4.500   1.0000          NULL 
292.4998   10    0.900   1.0000         dur_9
293.3997    0    3.600   1.0000          NULL 
296.9998    9    0.900   1.0000         dur_8
297.8997    0    3.600   1.0000          NULL 
301.4998    2    0.900   1.0000         dur_1
302.3997    0    3.600   1.0000          NULL 
305.9998    3    0.900   1.0000         dur_2
306.8997    0    4.500   1.0000          NULL 
311.3997    3    0.900   1.0000         dur_2
312.2997    0    4.500   1.0000          NULL 
316.7997    1    0.900   1.0000         dur_0
317.6997    0    6.300   1.0000          NULL 
